0.15000000000000002 0.05 0.065 1 2.213 0.001 0.0000004500 0.04 0.013028
0.18000000000000002 0.060000000000000005 0.07800000000000001 1 2.213 0.001 0.0000004500 0.04 0.015170
0.21000000000000002 0.07 0.09100000000000001 1 2.213 0.001 0.0000004500 0.04 0.018377
0.24 0.08 0.10400000000000001 1 2.213 0.001 0.0000004500 0.04 0.021985
0.27 0.09 0.11699999999999999 1 2.213 0.001 0.0000004500 0.04 0.023746
0.30000000000000004 0.1 0.13 1 2.213 0.001 0.0000004500 0.04 0.026104
0.33 0.11 0.14300000000000002 1 2.213 0.001 0.0000004500 0.04 0.029454
0.36000000000000004 0.12000000000000001 0.15600000000000003 1 2.213 0.001 0.0000004500 0.04 0.033131
0.39 0.13 0.169 1 2.213 0.001 0.0000004500 0.04 0.036960
0.42000000000000004 0.14 0.18200000000000002 1 2.213 0.001 0.0000004500 0.04 0.040730
0.45000000000000007 0.15000000000000002 0.19500000000000003 1 2.213 0.001 0.0000004500 0.04 0.043678
0.48 0.16 0.20800000000000002 1 2.213 0.001 0.0000004500 0.04 0.043517
0.51 0.16999999999999998 0.22099999999999997 1 2.213 0.001 0.0000004500 0.04 0.040861
0.54 0.18 0.23399999999999999 1 2.213 0.001 0.0000004500 0.04 0.036650
0.5700000000000001 0.19 0.247 1 2.213 0.001 0.0000004500 0.04 0.031404
0.6000000000000001 0.2 0.26 1 2.213 0.001 0.0000004500 0.04 0.026236
0.6300000000000001 0.21000000000000002 0.273 1 2.213 0.001 0.0000004500 0.04 0.021756
0.6600000000000001 0.22000000000000003 0.28600000000000003 1 2.213 0.001 0.0000004500 0.04 0.018036
0.69 0.22999999999999998 0.299 1 2.213 0.001 0.0000004500 0.04 0.015007
0.72 0.24 0.312 1 2.213 0.001 0.0000004500 0.04 0.012536
0.75 0.25 0.325 1 2.213 0.001 0.0000004500 0.04 0.010517
0.78 0.26 0.338 1 2.213 0.001 0.0000004500 0.04 0.008858
0.81 0.27 0.35100000000000003 1 2.213 0.001 0.0000004500 0.04 0.007483
0.8400000000000001 0.28 0.36400000000000005 1 2.213 0.001 0.0000004500 0.04 0.006335
0.8699999999999999 0.29 0.377 1 2.213 0.001 0.0000004500 0.04 0.005369
0.8999999999999999 0.3 0.39 1 2.213 0.001 0.0000004500 0.04 0.004550
0.9299999999999999 0.31 0.403 1 2.213 0.001 0.0000004500 0.04 0.003851
0.96 0.32 0.41600000000000004 1 2.213 0.001 0.0000004500 0.04 0.003252
0.99 0.33 0.42900000000000005 1 2.213 0.001 0.0000004500 0.04 0.002737
1.02 0.33999999999999997 0.44199999999999995 1 2.213 0.001 0.0000004500 0.04 0.002292
1.0499999999999998 0.35 0.45499999999999996 1 2.213 0.001 0.0000004500 0.04 0.001908
1.08 0.36 0.46799999999999997 1 2.213 0.001 0.0000004500 0.04 0.001574
1.1099999999999999 0.37 0.481 1 2.213 0.001 0.0000004500 0.04 0.001285
1.1400000000000001 0.38 0.494 1 2.213 0.001 0.0000004500 0.04 0.001018
1.17 0.39 0.507 1 2.213 0.001 0.0000004500 0.04 0.000757
1.2000000000000002 0.4 0.52 1 2.213 0.001 0.0000004500 0.04 0.000506
1.23 0.41 0.5329999999999999 1 2.213 0.001 0.0000004500 0.04 0.000298
1.26 0.42 0.546 1 2.213 0.001 0.0000004500 0.04 0.000149
1.29 0.43 0.5589999999999999 1 2.213 0.001 0.0000004500 0.04 0.000064
1.32 0.44 0.5720000000000001 1 2.213 0.001 0.0000004500 0.04 0.000025
1.35 0.45 0.585 1 2.213 0.001 0.0000004500 0.04 0.000009
1.3800000000000001 0.46 0.5980000000000001 1 2.213 0.001 0.0000004500 0.04 0.000003
1.41 0.47 0.611 1 2.213 0.001 0.0000004500 0.04 0.000001
1.44 0.48 0.624 1 2.213 0.001 0.0000004500 0.04 0.000000
1.47 0.49 0.637 1 2.213 0.001 0.0000004500 0.04 0.000000
1.5 0.5 0.65 1 2.213 0.001 0.0000004500 0.04 0.000001
1.53 0.51 0.663 1 2.213 0.001 0.0000004500 0.04 0.000032
1.56 0.52 0.676 1 2.213 0.001 0.0000004500 0.04 0.000075
1.59 0.53 0.6890000000000001 1 2.213 0.001 0.0000004500 0.04 0.000129
1.62 0.54 0.7020000000000001 1 2.213 0.001 0.0000004500 0.04 0.000192
1.6500000000000001 0.55 0.7150000000000001 1 2.213 0.001 0.0000004500 0.04 0.000263
1.6800000000000002 0.56 0.7280000000000001 1 2.213 0.001 0.0000004500 0.04 0.000342
1.7100000000000002 0.5700000000000001 0.7410000000000001 1 2.213 0.001 0.0000004500 0.04 0.000427
1.7400000000000002 0.5800000000000001 0.7540000000000001 1 2.213 0.001 0.0000004500 0.04 0.000519
1.7700000000000002 0.5900000000000001 0.7670000000000001 1 2.213 0.001 0.0000004500 0.04 0.000616
1.8000000000000003 0.6000000000000001 0.7800000000000001 1 2.213 0.001 0.0000004500 0.04 0.000719
1.8300000000000003 0.6100000000000001 0.7930000000000001 1 2.213 0.001 0.0000004500 0.04 0.000827
1.8600000000000003 0.6200000000000001 0.8060000000000002 1 2.213 0.001 0.0000004500 0.04 0.000939
1.8900000000000001 0.63 0.819 1 2.213 0.001 0.0000004500 0.04 0.001056
1.92 0.64 0.8320000000000001 1 2.213 0.001 0.0000004500 0.04 0.001176
1.9500000000000002 0.65 0.845 1 2.213 0.001 0.0000004500 0.04 0.001301
1.98 0.66 0.8580000000000001 1 2.213 0.001 0.0000004500 0.04 0.001429
2.0100000000000002 0.67 0.871 1 2.213 0.001 0.0000004500 0.04 0.001560
2.04 0.68 0.8840000000000001 1 2.213 0.001 0.0000004500 0.04 0.001695
2.0700000000000003 0.6900000000000001 0.897 1 2.213 0.001 0.0000004500 0.04 0.001833
2.1 0.7000000000000001 0.9100000000000001 1 2.213 0.001 0.0000004500 0.04 0.001974
2.1300000000000003 0.7100000000000001 0.923 1 2.213 0.001 0.0000004500 0.04 0.002117
2.16 0.7200000000000001 0.9360000000000002 1 2.213 0.001 0.0000004500 0.04 0.002264
2.1900000000000004 0.7300000000000001 0.9490000000000001 1 2.213 0.001 0.0000004500 0.04 0.002413
2.22 0.7400000000000001 0.9620000000000002 1 2.213 0.001 0.0000004500 0.04 0.002564
2.2500000000000004 0.7500000000000001 0.9750000000000001 1 2.213 0.001 0.0000004500 0.04 0.002719
2.2800000000000002 0.76 0.988 1 2.213 0.001 0.0000004500 0.04 0.002875
2.31 0.77 1.001 1 2.213 0.001 0.0000004500 0.04 0.003034
2.34 0.78 1.014 1 2.213 0.001 0.0000004500 0.04 0.003195
2.37 0.79 1.0270000000000001 1 2.213 0.001 0.0000004500 0.04 0.003358
2.4000000000000004 0.8 1.04 1 2.213 0.001 0.0000004500 0.04 0.003524
2.43 0.81 1.053 1 2.213 0.001 0.0000004500 0.04 0.003691
2.46 0.8200000000000001 1.066 1 2.213 0.001 0.0000004500 0.04 0.003861
2.49 0.8300000000000001 1.0790000000000002 1 2.213 0.001 0.0000004500 0.04 0.004030
2.5200000000000005 0.8400000000000001 1.092 1 2.213 0.001 0.0000004500 0.04 0.004204
2.5500000000000003 0.8500000000000001 1.105 1 2.213 0.001 0.0000004500 0.04 0.004379
2.58 0.8600000000000001 1.118 1 2.213 0.001 0.0000004500 0.04 0.004556
2.6100000000000003 0.8700000000000001 1.1310000000000002 1 2.213 0.001 0.0000004500 0.04 0.004734
2.6400000000000006 0.8800000000000001 1.1440000000000001 1 2.213 0.001 0.0000004500 0.04 0.004912
2.67 0.89 1.157 1 2.213 0.001 0.0000004500 0.04 0.005089
2.7 0.9 1.17 1 2.213 0.001 0.0000004500 0.04 0.005264
2.73 0.91 1.183 1 2.213 0.001 0.0000004500 0.04 0.005431
2.7600000000000002 0.92 1.1960000000000002 1 2.213 0.001 0.0000004500 0.04 0.005586
2.79 0.93 1.209 1 2.213 0.001 0.0000004500 0.04 0.005719
2.8200000000000003 0.9400000000000001 1.222 1 2.213 0.001 0.0000004500 0.04 0.005818
2.85 0.9500000000000001 1.235 1 2.213 0.001 0.0000004500 0.04 0.005863
2.8800000000000003 0.9600000000000001 1.2480000000000002 1 2.213 0.001 0.0000004500 0.04 0.005836
2.91 0.9700000000000001 1.2610000000000001 1 2.213 0.001 0.0000004500 0.04 0.005721
2.9400000000000004 0.9800000000000001 1.274 1 2.213 0.001 0.0000004500 0.04 0.005516
2.97 0.9900000000000001 1.2870000000000001 1 2.213 0.001 0.0000004500 0.04 0.005250
3.0 1.0 1.3 1 2.213 0.001 0.0000004500 0.04 0.005018
3.0300000000000002 1.01 1.313 1 2.213 0.001 0.0000004500 0.04 0.004937
3.06 1.02 1.326 1 2.213 0.001 0.0000004500 0.04 0.004925
3.09 1.03 1.339 1 2.213 0.001 0.0000004500 0.04 0.004948
3.12 1.04 1.352 1 2.213 0.001 0.0000004500 0.04 0.004993
3.1500000000000004 1.05 1.365 1 2.213 0.001 0.0000004500 0.04 0.005054
3.18 1.06 1.3780000000000001 1 2.213 0.001 0.0000004500 0.04 0.005126
3.21 1.07 1.391 1 2.213 0.001 0.0000004500 0.04 0.005208
3.24 1.08 1.4040000000000001 1 2.213 0.001 0.0000004500 0.04 0.005297
3.2700000000000005 1.09 1.417 1 2.213 0.001 0.0000004500 0.04 0.005391
3.3000000000000003 1.1 1.4300000000000002 1 2.213 0.001 0.0000004500 0.04 0.005491
3.33 1.11 1.443 1 2.213 0.001 0.0000004500 0.04 0.005596
3.3600000000000003 1.12 1.4560000000000002 1 2.213 0.001 0.0000004500 0.04 0.005704
3.3900000000000006 1.1300000000000001 1.469 1 2.213 0.001 0.0000004500 0.04 0.005815
3.4200000000000004 1.1400000000000001 1.4820000000000002 1 2.213 0.001 0.0000004500 0.04 0.005930
3.45 1.1500000000000001 1.495 1 2.213 0.001 0.0000004500 0.04 0.006047
3.4800000000000004 1.1600000000000001 1.5080000000000002 1 2.213 0.001 0.0000004500 0.04 0.006167
3.5100000000000007 1.1700000000000002 1.5210000000000001 1 2.213 0.001 0.0000004500 0.04 0.006289
3.5400000000000005 1.1800000000000002 1.5340000000000003 1 2.213 0.001 0.0000004500 0.04 0.006413
3.5700000000000003 1.1900000000000002 1.5470000000000002 1 2.213 0.001 0.0000004500 0.04 0.006539
3.6000000000000005 1.2000000000000002 1.5600000000000003 1 2.213 0.001 0.0000004500 0.04 0.006667
3.63 1.21 1.573 1 2.213 0.001 0.0000004500 0.04 0.006796
3.66 1.22 1.5859999999999999 1 2.213 0.001 0.0000004500 0.04 0.006928
3.69 1.23 1.599 1 2.213 0.001 0.0000004500 0.04 0.007061
3.7199999999999998 1.24 1.612 1 2.213 0.001 0.0000004500 0.04 0.007195
3.75 1.25 1.625 1 2.213 0.001 0.0000004500 0.04 0.007331
3.7800000000000002 1.26 1.638 1 2.213 0.001 0.0000004500 0.04 0.007468
3.81 1.27 1.651 1 2.213 0.001 0.0000004500 0.04 0.007607
3.84 1.28 1.6640000000000001 1 2.213 0.001 0.0000004500 0.04 0.007747
3.87 1.29 1.677 1 2.213 0.001 0.0000004500 0.04 0.007889
3.9000000000000004 1.3 1.69 1 2.213 0.001 0.0000004500 0.04 0.008031
3.93 1.31 1.703 1 2.213 0.001 0.0000004500 0.04 0.008175
3.96 1.32 1.7160000000000002 1 2.213 0.001 0.0000004500 0.04 0.008320
3.99 1.33 1.729 1 2.213 0.001 0.0000004500 0.04 0.008467
4.0200000000000005 1.34 1.742 1 2.213 0.001 0.0000004500 0.04 0.008614
4.050000000000001 1.35 1.7550000000000001 1 2.213 0.001 0.0000004500 0.04 0.008763
4.08 1.36 1.7680000000000002 1 2.213 0.001 0.0000004500 0.04 0.008912
4.11 1.37 1.7810000000000001 1 2.213 0.001 0.0000004500 0.04 0.009063
4.140000000000001 1.3800000000000001 1.794 1 2.213 0.001 0.0000004500 0.04 0.009215
4.17 1.3900000000000001 1.8070000000000002 1 2.213 0.001 0.0000004500 0.04 0.009368
4.2 1.4000000000000001 1.8200000000000003 1 2.213 0.001 0.0000004500 0.04 0.009522
4.23 1.4100000000000001 1.8330000000000002 1 2.213 0.001 0.0000004500 0.04 0.009678
4.260000000000001 1.4200000000000002 1.846 1 2.213 0.001 0.0000004500 0.04 0.009834
4.290000000000001 1.4300000000000002 1.8590000000000002 1 2.213 0.001 0.0000004500 0.04 0.009991
4.32 1.4400000000000002 1.8720000000000003 1 2.213 0.001 0.0000004500 0.04 0.010150
4.3500000000000005 1.4500000000000002 1.8850000000000002 1 2.213 0.001 0.0000004500 0.04 0.010309
4.38 1.46 1.898 1 2.213 0.001 0.0000004500 0.04 0.010469
4.41 1.47 1.911 1 2.213 0.001 0.0000004500 0.04 0.010631
4.4399999999999995 1.48 1.924 1 2.213 0.001 0.0000004500 0.04 0.010793
4.47 1.49 1.937 1 2.213 0.001 0.0000004500 0.04 0.010956
4.5 1.5 1.95 1 2.213 0.001 0.0000004500 0.04 0.011121
4.53 1.51 1.963 1 2.213 0.001 0.0000004500 0.04 0.011286
4.5600000000000005 1.52 1.976 1 2.213 0.001 0.0000004500 0.04 0.011452
4.59 1.53 1.9889999999999999 1 2.213 0.001 0.0000004500 0.04 0.011619
4.62 1.54 2.002 1 2.213 0.001 0.0000004500 0.04 0.011788
4.65 1.55 2.015 1 2.213 0.001 0.0000004500 0.04 0.011957
4.68 1.56 2.028 1 2.213 0.001 0.0000004500 0.04 0.012127
4.71 1.57 2.041 1 2.213 0.001 0.0000004500 0.04 0.012298
4.74 1.58 2.0540000000000003 1 2.213 0.001 0.0000004500 0.04 0.012470
4.7700000000000005 1.59 2.067 1 2.213 0.001 0.0000004500 0.04 0.012643
4.800000000000001 1.6 2.08 1 2.213 0.001 0.0000004500 0.04 0.012817
4.83 1.61 2.093 1 2.213 0.001 0.0000004500 0.04 0.012991
4.86 1.62 2.106 1 2.213 0.001 0.0000004500 0.04 0.013169
4.890000000000001 1.6300000000000001 2.119 1 2.213 0.001 0.0000004500 0.04 0.013346
4.92 1.6400000000000001 2.132 1 2.213 0.001 0.0000004500 0.04 0.013523
4.95 1.6500000000000001 2.145 1 2.213 0.001 0.0000004500 0.04 0.013702
4.98 1.6600000000000001 2.1580000000000004 1 2.213 0.001 0.0000004500 0.04 0.013881
5.010000000000001 1.6700000000000002 2.1710000000000003 1 2.213 0.001 0.0000004500 0.04 0.014061
5.040000000000001 1.6800000000000002 2.184 1 2.213 0.001 0.0000004500 0.04 0.014242
5.07 1.6900000000000002 2.197 1 2.213 0.001 0.0000004500 0.04 0.014424
5.1000000000000005 1.7000000000000002 2.21 1 2.213 0.001 0.0000004500 0.04 0.014607
5.130000000000001 1.7100000000000002 2.2230000000000003 1 2.213 0.001 0.0000004500 0.04 0.014790
5.16 1.72 2.2359999999999998 1 2.213 0.001 0.0000004500 0.04 0.014975
5.1899999999999995 1.73 2.249 1 2.213 0.001 0.0000004500 0.04 0.015160
5.22 1.74 2.262 1 2.213 0.001 0.0000004500 0.04 0.015346
5.25 1.75 2.275 1 2.213 0.001 0.0000004500 0.04 0.015533
5.28 1.76 2.2880000000000003 1 2.213 0.001 0.0000004500 0.04 0.015721
5.3100000000000005 1.77 2.301 1 2.213 0.001 0.0000004500 0.04 0.015910
5.34 1.78 2.314 1 2.213 0.001 0.0000004500 0.04 0.016099
5.37 1.79 2.327 1 2.213 0.001 0.0000004500 0.04 0.016289
5.4 1.8 2.34 1 2.213 0.001 0.0000004500 0.04 0.016481
5.43 1.81 2.353 1 2.213 0.001 0.0000004500 0.04 0.016673
5.46 1.82 2.366 1 2.213 0.001 0.0000004500 0.04 0.016865
5.49 1.83 2.379 1 2.213 0.001 0.0000004500 0.04 0.017059
5.5200000000000005 1.84 2.3920000000000003 1 2.213 0.001 0.0000004500 0.04 0.017252
5.550000000000001 1.85 2.4050000000000002 1 2.213 0.001 0.0000004500 0.04 0.017447
5.58 1.86 2.418 1 2.213 0.001 0.0000004500 0.04 0.017643
5.61 1.87 2.431 1 2.213 0.001 0.0000004500 0.04 0.017840
5.640000000000001 1.8800000000000001 2.444 1 2.213 0.001 0.0000004500 0.04 0.018037
5.67 1.8900000000000001 2.4570000000000003 1 2.213 0.001 0.0000004500 0.04 0.018235
5.7 1.9000000000000001 2.47 1 2.213 0.001 0.0000004500 0.04 0.018434
5.73 1.9100000000000001 2.483 1 2.213 0.001 0.0000004500 0.04 0.018634
5.760000000000001 1.9200000000000002 2.4960000000000004 1 2.213 0.001 0.0000004500 0.04 0.018835
5.790000000000001 1.9300000000000002 2.5090000000000003 1 2.213 0.001 0.0000004500 0.04 0.019036
5.82 1.9400000000000002 2.5220000000000002 1 2.213 0.001 0.0000004500 0.04 0.019238
5.8500000000000005 1.9500000000000002 2.535 1 2.213 0.001 0.0000004500 0.04 0.019441
5.880000000000001 1.9600000000000002 2.548 1 2.213 0.001 0.0000004500 0.04 0.019645
5.91 1.97 2.561 1 2.213 0.001 0.0000004500 0.04 0.019849
5.9399999999999995 1.98 2.574 1 2.213 0.001 0.0000004500 0.04 0.020054
5.97 1.99 2.5869999999999997 1 2.213 0.001 0.0000004500 0.04 0.020260
6.0 2.0 2.6 1 2.213 0.001 0.0000004500 0.04 0.020466
6.029999999999999 2.01 2.6129999999999995 1 2.213 0.001 0.0000004500 0.04 0.020674
6.0600000000000005 2.02 2.626 1 2.213 0.001 0.0000004500 0.04 0.020881
6.09 2.03 2.639 1 2.213 0.001 0.0000004500 0.04 0.021090
6.12 2.04 2.652 1 2.213 0.001 0.0000004500 0.04 0.021299
6.1499999999999995 2.05 2.6649999999999996 1 2.213 0.001 0.0000004500 0.04 0.021509
6.18 2.06 2.678 1 2.213 0.001 0.0000004500 0.04 0.021720
6.209999999999999 2.07 2.691 1 2.213 0.001 0.0000004500 0.04 0.021931
6.24 2.08 2.704 1 2.213 0.001 0.0000004500 0.04 0.022143
6.27 2.09 2.7169999999999996 1 2.213 0.001 0.0000004500 0.04 0.022356
6.299999999999999 2.0999999999999996 2.7299999999999995 1 2.213 0.001 0.0000004500 0.04 0.022570
6.33 2.11 2.743 1 2.213 0.001 0.0000004500 0.04 0.022783
6.359999999999999 2.1199999999999997 2.7559999999999993 1 2.213 0.001 0.0000004500 0.04 0.022998
6.39 2.13 2.7689999999999997 1 2.213 0.001 0.0000004500 0.04 0.023213
6.419999999999999 2.1399999999999997 2.7819999999999996 1 2.213 0.001 0.0000004500 0.04 0.023429
6.449999999999999 2.15 2.795 1 2.213 0.001 0.0000004500 0.04 0.023645
6.479999999999999 2.1599999999999997 2.808 1 2.213 0.001 0.0000004500 0.04 0.023863
6.51 2.17 2.8209999999999997 1 2.213 0.001 0.0000004500 0.04 0.024079
6.539999999999999 2.1799999999999997 2.8339999999999996 1 2.213 0.001 0.0000004500 0.04 0.024296
6.57 2.19 2.847 1 2.213 0.001 0.0000004500 0.04 0.024514
6.6 2.1999999999999997 2.8599999999999994 1 2.213 0.001 0.0000004500 0.04 0.024731
6.63 2.21 2.8729999999999998 1 2.213 0.001 0.0000004500 0.04 0.024949
6.659999999999999 2.2199999999999998 2.8859999999999997 1 2.213 0.001 0.0000004500 0.04 0.025167
6.6899999999999995 2.23 2.899 1 2.213 0.001 0.0000004500 0.04 0.025384
6.719999999999999 2.2399999999999998 2.912 1 2.213 0.001 0.0000004500 0.04 0.025601
6.75 2.25 2.925 1 2.213 0.001 0.0000004500 0.04 0.025818
6.779999999999999 2.26 2.9379999999999997 1 2.213 0.001 0.0000004500 0.04 0.026034
6.8100000000000005 2.27 2.951 1 2.213 0.001 0.0000004500 0.04 0.026250
6.84 2.28 2.9639999999999995 1 2.213 0.001 0.0000004500 0.04 0.026466
6.87 2.29 2.977 1 2.213 0.001 0.0000004500 0.04 0.026681
6.8999999999999995 2.3 2.9899999999999998 1 2.213 0.001 0.0000004500 0.04 0.026895
6.93 2.31 3.003 1 2.213 0.001 0.0000004500 0.04 0.027111
6.959999999999999 2.32 3.016 1 2.213 0.001 0.0000004500 0.04 0.027323
6.99 2.33 3.029 1 2.213 0.001 0.0000004500 0.04 0.027535
7.02 2.34 3.042 1 2.213 0.001 0.0000004500 0.04 0.027748
7.050000000000001 2.35 3.055 1 2.213 0.001 0.0000004500 0.04 0.027957
7.08 2.36 3.0679999999999996 1 2.213 0.001 0.0000004500 0.04 0.028168
7.109999999999999 2.3699999999999997 3.0809999999999995 1 2.213 0.001 0.0000004500 0.04 0.028378
7.14 2.38 3.094 1 2.213 0.001 0.0000004500 0.04 0.028588
7.169999999999999 2.3899999999999997 3.1069999999999993 1 2.213 0.001 0.0000004500 0.04 0.028797
7.199999999999999 2.4 3.12 1 2.213 0.001 0.0000004500 0.04 0.029006
7.229999999999999 2.4099999999999997 3.1329999999999996 1 2.213 0.001 0.0000004500 0.04 0.029215
7.26 2.42 3.146 1 2.213 0.001 0.0000004500 0.04 0.029422
7.289999999999999 2.4299999999999997 3.159 1 2.213 0.001 0.0000004500 0.04 0.029630
7.32 2.44 3.1719999999999997 1 2.213 0.001 0.0000004500 0.04 0.029837
7.35 2.4499999999999997 3.1849999999999996 1 2.213 0.001 0.0000004500 0.04 0.030043
7.38 2.46 3.198 1 2.213 0.001 0.0000004500 0.04 0.030249
7.409999999999999 2.4699999999999998 3.2109999999999994 1 2.213 0.001 0.0000004500 0.04 0.030454
7.4399999999999995 2.48 3.224 1 2.213 0.001 0.0000004500 0.04 0.030659
7.469999999999999 2.4899999999999998 3.2369999999999997 1 2.213 0.001 0.0000004500 0.04 0.030864
7.5 2.5 3.25 1 2.213 0.001 0.0000004500 0.04 0.031067
7.529999999999999 2.51 3.263 1 2.213 0.001 0.0000004500 0.04 0.031271
7.5600000000000005 2.52 3.276 1 2.213 0.001 0.0000004500 0.04 0.031473
7.59 2.53 3.2889999999999997 1 2.213 0.001 0.0000004500 0.04 0.031676
7.62 2.54 3.302 1 2.213 0.001 0.0000004500 0.04 0.031877
7.6499999999999995 2.55 3.3149999999999995 1 2.213 0.001 0.0000004500 0.04 0.032078
7.68 2.56 3.3280000000000003 1 2.213 0.001 0.0000004500 0.04 0.032279
7.709999999999999 2.57 3.3409999999999997 1 2.213 0.001 0.0000004500 0.04 0.032479
7.74 2.58 3.354 1 2.213 0.001 0.0000004500 0.04 0.032678
7.77 2.59 3.367 1 2.213 0.001 0.0000004500 0.04 0.032877
7.800000000000001 2.6 3.38 1 2.213 0.001 0.0000004500 0.04 0.033075
7.83 2.61 3.393 1 2.213 0.001 0.0000004500 0.04 0.033272
7.859999999999999 2.6199999999999997 3.4059999999999997 1 2.213 0.001 0.0000004500 0.04 0.033469
7.89 2.63 3.4189999999999996 1 2.213 0.001 0.0000004500 0.04 0.033665
7.919999999999999 2.6399999999999997 3.4319999999999995 1 2.213 0.001 0.0000004500 0.04 0.033860
7.949999999999999 2.65 3.445 1 2.213 0.001 0.0000004500 0.04 0.034055
7.979999999999999 2.6599999999999997 3.4579999999999997 1 2.213 0.001 0.0000004500 0.04 0.034249
8.01 2.67 3.471 1 2.213 0.001 0.0000004500 0.04 0.034442
8.04 2.6799999999999997 3.4839999999999995 1 2.213 0.001 0.0000004500 0.04 0.034635
8.07 2.69 3.497 1 2.213 0.001 0.0000004500 0.04 0.034827
8.1 2.6999999999999997 3.51 1 2.213 0.001 0.0000004500 0.04 0.035018
8.129999999999999 2.71 3.5229999999999997 1 2.213 0.001 0.0000004500 0.04 0.035208
8.16 2.7199999999999998 3.5359999999999996 1 2.213 0.001 0.0000004500 0.04 0.035397
8.19 2.73 3.549 1 2.213 0.001 0.0000004500 0.04 0.035586
8.219999999999999 2.7399999999999998 3.562 1 2.213 0.001 0.0000004500 0.04 0.035773
8.25 2.75 3.575 1 2.213 0.001 0.0000004500 0.04 0.035960
8.28 2.76 3.5879999999999996 1 2.213 0.001 0.0000004500 0.04 0.036146
8.31 2.77 3.601 1 2.213 0.001 0.0000004500 0.04 0.036332
8.34 2.78 3.614 1 2.213 0.001 0.0000004500 0.04 0.036516
8.370000000000001 2.79 3.627 1 2.213 0.001 0.0000004500 0.04 0.036699
8.399999999999999 2.8 3.6399999999999997 1 2.213 0.001 0.0000004500 0.04 0.036882
8.43 2.81 3.653 1 2.213 0.001 0.0000004500 0.04 0.037064
8.459999999999999 2.82 3.666 1 2.213 0.001 0.0000004500 0.04 0.037245
8.49 2.83 3.6790000000000003 1 2.213 0.001 0.0000004500 0.04 0.037424
8.52 2.84 3.6919999999999997 1 2.213 0.001 0.0000004500 0.04 0.037604
8.55 2.85 3.705 1 2.213 0.001 0.0000004500 0.04 0.037782
8.58 2.86 3.718 1 2.213 0.001 0.0000004500 0.04 0.037959
8.61 2.8699999999999997 3.7309999999999994 1 2.213 0.001 0.0000004500 0.04 0.038135
8.64 2.88 3.7439999999999998 1 2.213 0.001 0.0000004500 0.04 0.038311
8.669999999999998 2.8899999999999997 3.7569999999999997 1 2.213 0.001 0.0000004500 0.04 0.038485
8.7 2.9 3.77 1 2.213 0.001 0.0000004500 0.04 0.038659
8.729999999999999 2.9099999999999997 3.7829999999999995 1 2.213 0.001 0.0000004500 0.04 0.038831
8.76 2.92 3.796 1 2.213 0.001 0.0000004500 0.04 0.039003
8.79 2.9299999999999997 3.8089999999999997 1 2.213 0.001 0.0000004500 0.04 0.039174
8.82 2.94 3.822 1 2.213 0.001 0.0000004500 0.04 0.039343
8.85 2.9499999999999997 3.8349999999999995 1 2.213 0.001 0.0000004500 0.04 0.039512
8.879999999999999 2.96 3.848 1 2.213 0.001 0.0000004500 0.04 0.039680
8.91 2.9699999999999998 3.8609999999999998 1 2.213 0.001 0.0000004500 0.04 0.039846
8.94 2.98 3.874 1 2.213 0.001 0.0000004500 0.04 0.040012
8.969999999999999 2.9899999999999998 3.8869999999999996 1 2.213 0.001 0.0000004500 0.04 0.040176
9.0 3.0 3.9 1 2.213 0.001 0.0000004500 0.04 0.040340
9.03 3.01 3.913 1 2.213 0.001 0.0000004500 0.04 0.040502
9.06 3.02 3.926 1 2.213 0.001 0.0000004500 0.04 0.040664
9.09 3.03 3.9389999999999996 1 2.213 0.001 0.0000004500 0.04 0.040824
9.120000000000001 3.04 3.952 1 2.213 0.001 0.0000004500 0.04 0.040984
