0.15000000000000002 0.05 0.05500000000000001 1 2.213 0.001 0.0000004500 0.005 0.000498
0.18000000000000002 0.060000000000000005 0.066 1 2.213 0.001 0.0000004500 0.005 0.000593
0.21000000000000002 0.07 0.07700000000000001 1 2.213 0.001 0.0000004500 0.005 0.000710
0.24 0.08 0.088 1 2.213 0.001 0.0000004500 0.005 0.000849
0.27 0.09 0.09899999999999999 1 2.213 0.001 0.0000004500 0.005 0.001005
0.30000000000000004 0.1 0.11000000000000001 1 2.213 0.001 0.0000004500 0.005 0.001050
0.33 0.11 0.121 1 2.213 0.001 0.0000004500 0.005 0.001152
0.36000000000000004 0.12000000000000001 0.132 1 2.213 0.001 0.0000004500 0.005 0.001301
0.39 0.13 0.14300000000000002 1 2.213 0.001 0.0000004500 0.005 0.001473
0.42000000000000004 0.14 0.15400000000000003 1 2.213 0.001 0.0000004500 0.005 0.001663
0.45000000000000007 0.15000000000000002 0.16500000000000004 1 2.213 0.001 0.0000004500 0.005 0.001868
0.48 0.16 0.176 1 2.213 0.001 0.0000004500 0.005 0.002087
0.51 0.16999999999999998 0.18699999999999997 1 2.213 0.001 0.0000004500 0.005 0.002319
0.54 0.18 0.19799999999999998 1 2.213 0.001 0.0000004500 0.005 0.002564
0.5700000000000001 0.19 0.20900000000000002 1 2.213 0.001 0.0000004500 0.005 0.002822
0.6000000000000001 0.2 0.22000000000000003 1 2.213 0.001 0.0000004500 0.005 0.003091
0.6300000000000001 0.21000000000000002 0.23100000000000004 1 2.213 0.001 0.0000004500 0.005 0.003372
0.6600000000000001 0.22000000000000003 0.24200000000000005 1 2.213 0.001 0.0000004500 0.005 0.003664
0.69 0.22999999999999998 0.253 1 2.213 0.001 0.0000004500 0.005 0.003967
0.72 0.24 0.264 1 2.213 0.001 0.0000004500 0.005 0.004280
0.75 0.25 0.275 1 2.213 0.001 0.0000004500 0.005 0.004602
0.78 0.26 0.28600000000000003 1 2.213 0.001 0.0000004500 0.005 0.004932
0.81 0.27 0.29700000000000004 1 2.213 0.001 0.0000004500 0.005 0.005270
0.8400000000000001 0.28 0.30800000000000005 1 2.213 0.001 0.0000004500 0.005 0.005614
0.8699999999999999 0.29 0.31899999999999995 1 2.213 0.001 0.0000004500 0.005 0.005962
0.8999999999999999 0.3 0.32999999999999996 1 2.213 0.001 0.0000004500 0.005 0.006312
0.9299999999999999 0.31 0.34099999999999997 1 2.213 0.001 0.0000004500 0.005 0.006661
0.96 0.32 0.352 1 2.213 0.001 0.0000004500 0.005 0.007007
0.99 0.33 0.363 1 2.213 0.001 0.0000004500 0.005 0.007343
1.02 0.33999999999999997 0.37399999999999994 1 2.213 0.001 0.0000004500 0.005 0.007662
1.0499999999999998 0.35 0.38499999999999995 1 2.213 0.001 0.0000004500 0.005 0.007957
1.08 0.36 0.39599999999999996 1 2.213 0.001 0.0000004500 0.005 0.008214
1.1099999999999999 0.37 0.407 1 2.213 0.001 0.0000004500 0.005 0.008401
1.1400000000000001 0.38 0.41800000000000004 1 2.213 0.001 0.0000004500 0.005 0.008402
1.17 0.39 0.42900000000000005 1 2.213 0.001 0.0000004500 0.005 0.007961
1.2000000000000002 0.4 0.44000000000000006 1 2.213 0.001 0.0000004500 0.005 0.006773
1.23 0.41 0.45099999999999996 1 2.213 0.001 0.0000004500 0.005 0.004792
1.26 0.42 0.46199999999999997 1 2.213 0.001 0.0000004500 0.005 0.002758
1.29 0.43 0.473 1 2.213 0.001 0.0000004500 0.005 0.001360
1.32 0.44 0.484 1 2.213 0.001 0.0000004500 0.005 0.000616
1.35 0.45 0.495 1 2.213 0.001 0.0000004500 0.005 0.000269
1.3800000000000001 0.46 0.506 1 2.213 0.001 0.0000004500 0.005 0.000109
1.41 0.47 0.517 1 2.213 0.001 0.0000004500 0.005 0.000043
1.44 0.48 0.528 1 2.213 0.001 0.0000004500 0.005 0.000018
1.47 0.49 0.539 1 2.213 0.001 0.0000004500 0.005 0.000009
1.5 0.5 0.55 1 2.213 0.001 0.0000004500 0.005 0.000091
1.53 0.51 0.561 1 2.213 0.001 0.0000004500 0.005 0.001676
1.56 0.52 0.5720000000000001 1 2.213 0.001 0.0000004500 0.005 0.003443
1.59 0.53 0.5830000000000001 1 2.213 0.001 0.0000004500 0.005 0.005218
1.62 0.54 0.5940000000000001 1 2.213 0.001 0.0000004500 0.005 0.006890
1.6500000000000001 0.55 0.6050000000000001 1 2.213 0.001 0.0000004500 0.005 0.008425
1.6800000000000002 0.56 0.6160000000000001 1 2.213 0.001 0.0000004500 0.005 0.009820
1.7100000000000002 0.5700000000000001 0.6270000000000001 1 2.213 0.001 0.0000004500 0.005 0.011092
1.7400000000000002 0.5800000000000001 0.6380000000000001 1 2.213 0.001 0.0000004500 0.005 0.012258
1.7700000000000002 0.5900000000000001 0.6490000000000001 1 2.213 0.001 0.0000004500 0.005 0.013337
1.8000000000000003 0.6000000000000001 0.6600000000000001 1 2.213 0.001 0.0000004500 0.005 0.014344
1.8300000000000003 0.6100000000000001 0.6710000000000002 1 2.213 0.001 0.0000004500 0.005 0.015292
1.8600000000000003 0.6200000000000001 0.6820000000000002 1 2.213 0.001 0.0000004500 0.005 0.016189
1.8900000000000001 0.63 0.6930000000000001 1 2.213 0.001 0.0000004500 0.005 0.017046
1.92 0.64 0.704 1 2.213 0.001 0.0000004500 0.005 0.017756
1.9500000000000002 0.65 0.7150000000000001 1 2.213 0.001 0.0000004500 0.005 0.018506
1.98 0.66 0.726 1 2.213 0.001 0.0000004500 0.005 0.019226
2.0100000000000002 0.67 0.7370000000000001 1 2.213 0.001 0.0000004500 0.005 0.019920
2.04 0.68 0.748 1 2.213 0.001 0.0000004500 0.005 0.020593
2.0700000000000003 0.6900000000000001 0.7590000000000001 1 2.213 0.001 0.0000004500 0.005 0.021247
2.1 0.7000000000000001 0.77 1 2.213 0.001 0.0000004500 0.005 0.021885
2.1300000000000003 0.7100000000000001 0.7810000000000001 1 2.213 0.001 0.0000004500 0.005 0.022510
2.16 0.7200000000000001 0.792 1 2.213 0.001 0.0000004500 0.005 0.023123
2.1900000000000004 0.7300000000000001 0.8030000000000002 1 2.213 0.001 0.0000004500 0.005 0.023728
2.22 0.7400000000000001 0.8140000000000001 1 2.213 0.001 0.0000004500 0.005 0.024325
2.2500000000000004 0.7500000000000001 0.8250000000000002 1 2.213 0.001 0.0000004500 0.005 0.024918
2.2800000000000002 0.76 0.8360000000000001 1 2.213 0.001 0.0000004500 0.005 0.025500
2.31 0.77 0.847 1 2.213 0.001 0.0000004500 0.005 0.026081
2.34 0.78 0.8580000000000001 1 2.213 0.001 0.0000004500 0.005 0.026659
2.37 0.79 0.869 1 2.213 0.001 0.0000004500 0.005 0.027235
2.4000000000000004 0.8 0.8800000000000001 1 2.213 0.001 0.0000004500 0.005 0.027810
2.43 0.81 0.891 1 2.213 0.001 0.0000004500 0.005 0.028384
2.46 0.8200000000000001 0.9020000000000001 1 2.213 0.001 0.0000004500 0.005 0.028957
2.49 0.8300000000000001 0.913 1 2.213 0.001 0.0000004500 0.005 0.029530
2.5200000000000005 0.8400000000000001 0.9240000000000002 1 2.213 0.001 0.0000004500 0.005 0.030105
2.5500000000000003 0.8500000000000001 0.935 1 2.213 0.001 0.0000004500 0.005 0.030680
2.58 0.8600000000000001 0.9460000000000002 1 2.213 0.001 0.0000004500 0.005 0.031257
2.6100000000000003 0.8700000000000001 0.9570000000000001 1 2.213 0.001 0.0000004500 0.005 0.031835
2.6400000000000006 0.8800000000000001 0.9680000000000002 1 2.213 0.001 0.0000004500 0.005 0.032416
2.67 0.89 0.979 1 2.213 0.001 0.0000004500 0.005 0.032999
2.7 0.9 0.99 1 2.213 0.001 0.0000004500 0.005 0.033584
2.73 0.91 1.0010000000000001 1 2.213 0.001 0.0000004500 0.005 0.034172
2.7600000000000002 0.92 1.012 1 2.213 0.001 0.0000004500 0.005 0.034763
2.79 0.93 1.0230000000000001 1 2.213 0.001 0.0000004500 0.005 0.035357
2.8200000000000003 0.9400000000000001 1.034 1 2.213 0.001 0.0000004500 0.005 0.035954
2.85 0.9500000000000001 1.0450000000000002 1 2.213 0.001 0.0000004500 0.005 0.036554
2.8800000000000003 0.9600000000000001 1.056 1 2.213 0.001 0.0000004500 0.005 0.037156
2.91 0.9700000000000001 1.0670000000000002 1 2.213 0.001 0.0000004500 0.005 0.037762
2.9400000000000004 0.9800000000000001 1.078 1 2.213 0.001 0.0000004500 0.005 0.038370
2.97 0.9900000000000001 1.0890000000000002 1 2.213 0.001 0.0000004500 0.005 0.038981
3.0 1.0 1.1 1 2.213 0.001 0.0000004500 0.005 0.039595
3.0300000000000002 1.01 1.111 1 2.213 0.001 0.0000004500 0.005 0.040216
3.06 1.02 1.122 1 2.213 0.001 0.0000004500 0.005 0.040841
3.09 1.03 1.133 1 2.213 0.001 0.0000004500 0.005 0.041471
3.12 1.04 1.1440000000000001 1 2.213 0.001 0.0000004500 0.005 0.042106
3.1500000000000004 1.05 1.155 1 2.213 0.001 0.0000004500 0.005 0.042744
3.18 1.06 1.1660000000000001 1 2.213 0.001 0.0000004500 0.005 0.043386
3.21 1.07 1.177 1 2.213 0.001 0.0000004500 0.005 0.044032
3.24 1.08 1.1880000000000002 1 2.213 0.001 0.0000004500 0.005 0.044680
3.2700000000000005 1.09 1.199 1 2.213 0.001 0.0000004500 0.005 0.045330
3.3000000000000003 1.1 1.2100000000000002 1 2.213 0.001 0.0000004500 0.005 0.045980
3.33 1.11 1.221 1 2.213 0.001 0.0000004500 0.005 0.046629
3.3600000000000003 1.12 1.2320000000000002 1 2.213 0.001 0.0000004500 0.005 0.047274
3.3900000000000006 1.1300000000000001 1.243 1 2.213 0.001 0.0000004500 0.005 0.047911
3.4200000000000004 1.1400000000000001 1.2540000000000002 1 2.213 0.001 0.0000004500 0.005 0.048534
3.45 1.1500000000000001 1.2650000000000001 1 2.213 0.001 0.0000004500 0.005 0.049138
3.4800000000000004 1.1600000000000001 1.2760000000000002 1 2.213 0.001 0.0000004500 0.005 0.049711
3.5100000000000007 1.1700000000000002 1.2870000000000001 1 2.213 0.001 0.0000004500 0.005 0.050242
3.5400000000000005 1.1800000000000002 1.2980000000000003 1 2.213 0.001 0.0000004500 0.005 0.050715
3.5700000000000003 1.1900000000000002 1.3090000000000002 1 2.213 0.001 0.0000004500 0.005 0.051116
3.6000000000000005 1.2000000000000002 1.3200000000000003 1 2.213 0.001 0.0000004500 0.005 0.051438
3.63 1.21 1.331 1 2.213 0.001 0.0000004500 0.005 0.051722
3.66 1.22 1.342 1 2.213 0.001 0.0000004500 0.005 0.052120
3.69 1.23 1.353 1 2.213 0.001 0.0000004500 0.005 0.052582
3.7199999999999998 1.24 1.3639999999999999 1 2.213 0.001 0.0000004500 0.005 0.053081
3.75 1.25 1.375 1 2.213 0.001 0.0000004500 0.005 0.053605
3.7800000000000002 1.26 1.3860000000000001 1 2.213 0.001 0.0000004500 0.005 0.054149
3.81 1.27 1.397 1 2.213 0.001 0.0000004500 0.005 0.054711
3.84 1.28 1.408 1 2.213 0.001 0.0000004500 0.005 0.055287
3.87 1.29 1.419 1 2.213 0.001 0.0000004500 0.005 0.055875
3.9000000000000004 1.3 1.4300000000000002 1 2.213 0.001 0.0000004500 0.005 0.056476
3.93 1.31 1.441 1 2.213 0.001 0.0000004500 0.005 0.057086
3.96 1.32 1.452 1 2.213 0.001 0.0000004500 0.005 0.057706
3.99 1.33 1.463 1 2.213 0.001 0.0000004500 0.005 0.058335
4.0200000000000005 1.34 1.4740000000000002 1 2.213 0.001 0.0000004500 0.005 0.058973
4.050000000000001 1.35 1.485 1 2.213 0.001 0.0000004500 0.005 0.059618
4.08 1.36 1.496 1 2.213 0.001 0.0000004500 0.005 0.060271
4.11 1.37 1.5070000000000001 1 2.213 0.001 0.0000004500 0.005 0.060932
4.140000000000001 1.3800000000000001 1.5180000000000002 1 2.213 0.001 0.0000004500 0.005 0.061599
4.17 1.3900000000000001 1.5290000000000001 1 2.213 0.001 0.0000004500 0.005 0.062273
4.2 1.4000000000000001 1.54 1 2.213 0.001 0.0000004500 0.005 0.062953
4.23 1.4100000000000001 1.5510000000000002 1 2.213 0.001 0.0000004500 0.005 0.063640
4.260000000000001 1.4200000000000002 1.5620000000000003 1 2.213 0.001 0.0000004500 0.005 0.064332
4.290000000000001 1.4300000000000002 1.5730000000000002 1 2.213 0.001 0.0000004500 0.005 0.065031
4.32 1.4400000000000002 1.584 1 2.213 0.001 0.0000004500 0.005 0.065735
4.3500000000000005 1.4500000000000002 1.5950000000000002 1 2.213 0.001 0.0000004500 0.005 0.066445
4.38 1.46 1.6059999999999999 1 2.213 0.001 0.0000004500 0.005 0.067160
4.41 1.47 1.617 1 2.213 0.001 0.0000004500 0.005 0.067880
4.4399999999999995 1.48 1.628 1 2.213 0.001 0.0000004500 0.005 0.068606
4.47 1.49 1.639 1 2.213 0.001 0.0000004500 0.005 0.069337
4.5 1.5 1.65 1 2.213 0.001 0.0000004500 0.005 0.070073
4.53 1.51 1.661 1 2.213 0.001 0.0000004500 0.005 0.070814
4.5600000000000005 1.52 1.6720000000000002 1 2.213 0.001 0.0000004500 0.005 0.071560
4.59 1.53 1.683 1 2.213 0.001 0.0000004500 0.005 0.072310
4.62 1.54 1.694 1 2.213 0.001 0.0000004500 0.005 0.073065
4.65 1.55 1.705 1 2.213 0.001 0.0000004500 0.005 0.073825
4.68 1.56 1.7160000000000002 1 2.213 0.001 0.0000004500 0.005 0.074590
4.71 1.57 1.727 1 2.213 0.001 0.0000004500 0.005 0.075358
4.74 1.58 1.738 1 2.213 0.001 0.0000004500 0.005 0.076132
4.7700000000000005 1.59 1.749 1 2.213 0.001 0.0000004500 0.005 0.076909
4.800000000000001 1.6 1.7600000000000002 1 2.213 0.001 0.0000004500 0.005 0.077691
4.83 1.61 1.7710000000000001 1 2.213 0.001 0.0000004500 0.005 0.078477
4.86 1.62 1.782 1 2.213 0.001 0.0000004500 0.005 0.079267
4.890000000000001 1.6300000000000001 1.7930000000000001 1 2.213 0.001 0.0000004500 0.005 0.080062
4.92 1.6400000000000001 1.8040000000000003 1 2.213 0.001 0.0000004500 0.005 0.080860
4.95 1.6500000000000001 1.8150000000000002 1 2.213 0.001 0.0000004500 0.005 0.081662
4.98 1.6600000000000001 1.826 1 2.213 0.001 0.0000004500 0.005 0.082469
5.010000000000001 1.6700000000000002 1.8370000000000002 1 2.213 0.001 0.0000004500 0.005 0.083279
5.040000000000001 1.6800000000000002 1.8480000000000003 1 2.213 0.001 0.0000004500 0.005 0.084093
5.07 1.6900000000000002 1.8590000000000002 1 2.213 0.001 0.0000004500 0.005 0.084911
5.1000000000000005 1.7000000000000002 1.87 1 2.213 0.001 0.0000004500 0.005 0.085732
5.130000000000001 1.7100000000000002 1.8810000000000002 1 2.213 0.001 0.0000004500 0.005 0.086557
5.16 1.72 1.892 1 2.213 0.001 0.0000004500 0.005 0.087386
5.1899999999999995 1.73 1.903 1 2.213 0.001 0.0000004500 0.005 0.088218
5.22 1.74 1.914 1 2.213 0.001 0.0000004500 0.005 0.089054
5.25 1.75 1.925 1 2.213 0.001 0.0000004500 0.005 0.089893
5.28 1.76 1.936 1 2.213 0.001 0.0000004500 0.005 0.090736
5.3100000000000005 1.77 1.947 1 2.213 0.001 0.0000004500 0.005 0.091582
5.34 1.78 1.958 1 2.213 0.001 0.0000004500 0.005 0.092432
5.37 1.79 1.969 1 2.213 0.001 0.0000004500 0.005 0.093284
5.4 1.8 1.98 1 2.213 0.001 0.0000004500 0.005 0.094140
5.43 1.81 1.991 1 2.213 0.001 0.0000004500 0.005 0.094999
5.46 1.82 2.0020000000000002 1 2.213 0.001 0.0000004500 0.005 0.095861
5.49 1.83 2.013 1 2.213 0.001 0.0000004500 0.005 0.096726
5.5200000000000005 1.84 2.024 1 2.213 0.001 0.0000004500 0.005 0.097594
5.550000000000001 1.85 2.035 1 2.213 0.001 0.0000004500 0.005 0.098465
5.58 1.86 2.0460000000000003 1 2.213 0.001 0.0000004500 0.005 0.099339
5.61 1.87 2.057 1 2.213 0.001 0.0000004500 0.005 0.100216
5.640000000000001 1.8800000000000001 2.068 1 2.213 0.001 0.0000004500 0.005 0.101096
5.67 1.8900000000000001 2.079 1 2.213 0.001 0.0000004500 0.005 0.101978
5.7 1.9000000000000001 2.0900000000000003 1 2.213 0.001 0.0000004500 0.005 0.102863
5.73 1.9100000000000001 2.101 1 2.213 0.001 0.0000004500 0.005 0.103751
5.760000000000001 1.9200000000000002 2.112 1 2.213 0.001 0.0000004500 0.005 0.104641
5.790000000000001 1.9300000000000002 2.123 1 2.213 0.001 0.0000004500 0.005 0.105534
5.82 1.9400000000000002 2.1340000000000003 1 2.213 0.001 0.0000004500 0.005 0.106430
5.8500000000000005 1.9500000000000002 2.145 1 2.213 0.001 0.0000004500 0.005 0.107328
5.880000000000001 1.9600000000000002 2.156 1 2.213 0.001 0.0000004500 0.005 0.108229
5.91 1.97 2.167 1 2.213 0.001 0.0000004500 0.005 0.109132
5.9399999999999995 1.98 2.178 1 2.213 0.001 0.0000004500 0.005 0.110038
5.97 1.99 2.189 1 2.213 0.001 0.0000004500 0.005 0.110946
6.0 2.0 2.2 1 2.213 0.001 0.0000004500 0.005 0.111857
6.029999999999999 2.01 2.211 1 2.213 0.001 0.0000004500 0.005 0.112770
6.0600000000000005 2.02 2.222 1 2.213 0.001 0.0000004500 0.005 0.113686
6.09 2.03 2.2329999999999997 1 2.213 0.001 0.0000004500 0.005 0.114603
6.12 2.04 2.244 1 2.213 0.001 0.0000004500 0.005 0.115523
6.1499999999999995 2.05 2.255 1 2.213 0.001 0.0000004500 0.005 0.116443
6.18 2.06 2.266 1 2.213 0.001 0.0000004500 0.005 0.117363
6.209999999999999 2.07 2.2769999999999997 1 2.213 0.001 0.0000004500 0.005 0.118284
6.24 2.08 2.2880000000000003 1 2.213 0.001 0.0000004500 0.005 0.119204
6.27 2.09 2.299 1 2.213 0.001 0.0000004500 0.005 0.120122
6.299999999999999 2.0999999999999996 2.3099999999999996 1 2.213 0.001 0.0000004500 0.005 0.121037
6.33 2.11 2.3209999999999997 1 2.213 0.001 0.0000004500 0.005 0.121950
6.359999999999999 2.1199999999999997 2.332 1 2.213 0.001 0.0000004500 0.005 0.122856
6.39 2.13 2.343 1 2.213 0.001 0.0000004500 0.005 0.123759
6.419999999999999 2.1399999999999997 2.3539999999999996 1 2.213 0.001 0.0000004500 0.005 0.124657
6.449999999999999 2.15 2.3649999999999998 1 2.213 0.001 0.0000004500 0.005 0.125548
6.479999999999999 2.1599999999999997 2.3759999999999994 1 2.213 0.001 0.0000004500 0.005 0.126433
6.51 2.17 2.387 1 2.213 0.001 0.0000004500 0.005 0.127310
6.539999999999999 2.1799999999999997 2.3979999999999997 1 2.213 0.001 0.0000004500 0.005 0.128180
6.57 2.19 2.409 1 2.213 0.001 0.0000004500 0.005 0.129043
6.6 2.1999999999999997 2.42 1 2.213 0.001 0.0000004500 0.005 0.129898
6.63 2.21 2.431 1 2.213 0.001 0.0000004500 0.005 0.130745
6.659999999999999 2.2199999999999998 2.4419999999999997 1 2.213 0.001 0.0000004500 0.005 0.131585
6.6899999999999995 2.23 2.453 1 2.213 0.001 0.0000004500 0.005 0.132417
6.719999999999999 2.2399999999999998 2.4639999999999995 1 2.213 0.001 0.0000004500 0.005 0.133242
6.75 2.25 2.475 1 2.213 0.001 0.0000004500 0.005 0.134059
6.779999999999999 2.26 2.4859999999999998 1 2.213 0.001 0.0000004500 0.005 0.134869
6.8100000000000005 2.27 2.497 1 2.213 0.001 0.0000004500 0.005 0.135672
6.84 2.28 2.508 1 2.213 0.001 0.0000004500 0.005 0.136468
6.87 2.29 2.519 1 2.213 0.001 0.0000004500 0.005 0.137258
6.8999999999999995 2.3 2.53 1 2.213 0.001 0.0000004500 0.005 0.138042
6.93 2.31 2.541 1 2.213 0.001 0.0000004500 0.005 0.138820
6.959999999999999 2.32 2.5519999999999996 1 2.213 0.001 0.0000004500 0.005 0.139591
6.99 2.33 2.563 1 2.213 0.001 0.0000004500 0.005 0.140357
7.02 2.34 2.574 1 2.213 0.001 0.0000004500 0.005 0.141117
7.050000000000001 2.35 2.585 1 2.213 0.001 0.0000004500 0.005 0.140057
7.08 2.36 2.596 1 2.213 0.001 0.0000004500 0.005 0.140641
7.109999999999999 2.3699999999999997 2.6069999999999998 1 2.213 0.001 0.0000004500 0.005 0.141214
7.14 2.38 2.618 1 2.213 0.001 0.0000004500 0.005 0.141776
7.169999999999999 2.3899999999999997 2.6289999999999996 1 2.213 0.001 0.0000004500 0.005 0.142328
7.199999999999999 2.4 2.6399999999999997 1 2.213 0.001 0.0000004500 0.005 0.142870
7.229999999999999 2.4099999999999997 2.651 1 2.213 0.001 0.0000004500 0.005 0.143401
7.26 2.42 2.662 1 2.213 0.001 0.0000004500 0.005 0.143924
7.289999999999999 2.4299999999999997 2.6729999999999996 1 2.213 0.001 0.0000004500 0.005 0.144436
7.32 2.44 2.684 1 2.213 0.001 0.0000004500 0.005 0.144939
7.35 2.4499999999999997 2.695 1 2.213 0.001 0.0000004500 0.005 0.145434
7.38 2.46 2.706 1 2.213 0.001 0.0000004500 0.005 0.145919
7.409999999999999 2.4699999999999998 2.7169999999999996 1 2.213 0.001 0.0000004500 0.005 0.146395
7.4399999999999995 2.48 2.7279999999999998 1 2.213 0.001 0.0000004500 0.005 0.146863
7.469999999999999 2.4899999999999998 2.739 1 2.213 0.001 0.0000004500 0.005 0.147323
7.5 2.5 2.75 1 2.213 0.001 0.0000004500 0.005 0.147774
7.529999999999999 2.51 2.7609999999999997 1 2.213 0.001 0.0000004500 0.005 0.148216
7.5600000000000005 2.52 2.7720000000000002 1 2.213 0.001 0.0000004500 0.005 0.148651
7.59 2.53 2.783 1 2.213 0.001 0.0000004500 0.005 0.149078
7.62 2.54 2.794 1 2.213 0.001 0.0000004500 0.005 0.149497
7.6499999999999995 2.55 2.8049999999999997 1 2.213 0.001 0.0000004500 0.005 0.149909
7.68 2.56 2.816 1 2.213 0.001 0.0000004500 0.005 0.150313
7.709999999999999 2.57 2.827 1 2.213 0.001 0.0000004500 0.005 0.150709
7.74 2.58 2.838 1 2.213 0.001 0.0000004500 0.005 0.151098
7.77 2.59 2.8489999999999998 1 2.213 0.001 0.0000004500 0.005 0.151480
7.800000000000001 2.6 2.8600000000000003 1 2.213 0.001 0.0000004500 0.005 0.151855
7.83 2.61 2.871 1 2.213 0.001 0.0000004500 0.005 0.152223
7.859999999999999 2.6199999999999997 2.8819999999999997 1 2.213 0.001 0.0000004500 0.005 0.152584
7.89 2.63 2.893 1 2.213 0.001 0.0000004500 0.005 0.152939
7.919999999999999 2.6399999999999997 2.9039999999999995 1 2.213 0.001 0.0000004500 0.005 0.153287
7.949999999999999 2.65 2.915 1 2.213 0.001 0.0000004500 0.005 0.153628
7.979999999999999 2.6599999999999997 2.9259999999999997 1 2.213 0.001 0.0000004500 0.005 0.153962
8.01 2.67 2.937 1 2.213 0.001 0.0000004500 0.005 0.154291
8.04 2.6799999999999997 2.9479999999999995 1 2.213 0.001 0.0000004500 0.005 0.154612
8.07 2.69 2.959 1 2.213 0.001 0.0000004500 0.005 0.154928
8.1 2.6999999999999997 2.9699999999999998 1 2.213 0.001 0.0000004500 0.005 0.155237
8.129999999999999 2.71 2.981 1 2.213 0.001 0.0000004500 0.005 0.155540
8.16 2.7199999999999998 2.9919999999999995 1 2.213 0.001 0.0000004500 0.005 0.155837
8.19 2.73 3.003 1 2.213 0.001 0.0000004500 0.005 0.156128
8.219999999999999 2.7399999999999998 3.014 1 2.213 0.001 0.0000004500 0.005 0.156412
8.25 2.75 3.025 1 2.213 0.001 0.0000004500 0.005 0.156691
8.28 2.76 3.0359999999999996 1 2.213 0.001 0.0000004500 0.005 0.156964
8.31 2.77 3.047 1 2.213 0.001 0.0000004500 0.005 0.157231
8.34 2.78 3.058 1 2.213 0.001 0.0000004500 0.005 0.157492
8.370000000000001 2.79 3.069 1 2.213 0.001 0.0000004500 0.005 0.157748
8.399999999999999 2.8 3.0799999999999996 1 2.213 0.001 0.0000004500 0.005 0.157999
8.43 2.81 3.091 1 2.213 0.001 0.0000004500 0.005 0.158245
8.459999999999999 2.82 3.102 1 2.213 0.001 0.0000004500 0.005 0.158485
8.49 2.83 3.113 1 2.213 0.001 0.0000004500 0.005 0.158719
8.52 2.84 3.1239999999999997 1 2.213 0.001 0.0000004500 0.005 0.158948
8.55 2.85 3.1350000000000002 1 2.213 0.001 0.0000004500 0.005 0.159173
8.58 2.86 3.146 1 2.213 0.001 0.0000004500 0.005 0.159392
8.61 2.8699999999999997 3.1569999999999996 1 2.213 0.001 0.0000004500 0.005 0.159606
8.64 2.88 3.1679999999999997 1 2.213 0.001 0.0000004500 0.005 0.159815
8.669999999999998 2.8899999999999997 3.179 1 2.213 0.001 0.0000004500 0.005 0.160016
8.7 2.9 3.19 1 2.213 0.001 0.0000004500 0.005 0.160216
8.729999999999999 2.9099999999999997 3.2009999999999996 1 2.213 0.001 0.0000004500 0.005 0.160472
8.76 2.92 3.2119999999999997 1 2.213 0.001 0.0000004500 0.005 0.160661
8.79 2.9299999999999997 3.223 1 2.213 0.001 0.0000004500 0.005 0.160846
8.82 2.94 3.234 1 2.213 0.001 0.0000004500 0.005 0.161026
8.85 2.9499999999999997 3.2449999999999997 1 2.213 0.001 0.0000004500 0.005 0.161201
8.879999999999999 2.96 3.256 1 2.213 0.001 0.0000004500 0.005 0.161371
8.91 2.9699999999999998 3.267 1 2.213 0.001 0.0000004500 0.005 0.161537
8.94 2.98 3.278 1 2.213 0.001 0.0000004500 0.005 0.161641
8.969999999999999 2.9899999999999998 3.2889999999999997 1 2.213 0.001 0.0000004500 0.005 0.161798
9.0 3.0 3.3 1 2.213 0.001 0.0000004500 0.005 0.161951
9.03 3.01 3.311 1 2.213 0.001 0.0000004500 0.005 0.162099
9.06 3.02 3.322 1 2.213 0.001 0.0000004500 0.005 0.162243
9.09 3.03 3.3329999999999997 1 2.213 0.001 0.0000004500 0.005 0.162383
9.120000000000001 3.04 3.3440000000000003 1 2.213 0.001 0.0000004500 0.005 0.162519
