0.15000000000000002 0.05 0.065 10 2.213 0.001 0.0000004500 0.005 0.013028
0.18000000000000002 0.060000000000000005 0.07800000000000001 10 2.213 0.001 0.0000004500 0.005 0.015171
0.21000000000000002 0.07 0.09100000000000001 10 2.213 0.001 0.0000004500 0.005 0.018379
0.24 0.08 0.10400000000000001 10 2.213 0.001 0.0000004500 0.005 0.022003
0.27 0.09 0.11699999999999999 10 2.213 0.001 0.0000004500 0.005 0.023824
0.30000000000000004 0.1 0.13 10 2.213 0.001 0.0000004500 0.005 0.026300
0.33 0.11 0.14300000000000002 10 2.213 0.001 0.0000004500 0.005 0.029874
0.36000000000000004 0.12000000000000001 0.15600000000000003 10 2.213 0.001 0.0000004500 0.005 0.033935
0.39 0.13 0.169 10 2.213 0.001 0.0000004500 0.005 0.038380
0.42000000000000004 0.14 0.18200000000000002 10 2.213 0.001 0.0000004500 0.005 0.043122
0.45000000000000007 0.15000000000000002 0.19500000000000003 10 2.213 0.001 0.0000004500 0.005 0.048150
0.48 0.16 0.20800000000000002 10 2.213 0.001 0.0000004500 0.005 0.053448
0.51 0.16999999999999998 0.22099999999999997 10 2.213 0.001 0.0000004500 0.005 0.059002
0.54 0.18 0.23399999999999999 10 2.213 0.001 0.0000004500 0.005 0.064801
0.5700000000000001 0.19 0.247 10 2.213 0.001 0.0000004500 0.005 0.070835
0.6000000000000001 0.2 0.26 10 2.213 0.001 0.0000004500 0.005 0.077095
0.6300000000000001 0.21000000000000002 0.273 10 2.213 0.001 0.0000004500 0.005 0.083570
0.6600000000000001 0.22000000000000003 0.28600000000000003 10 2.213 0.001 0.0000004500 0.005 0.090254
0.69 0.22999999999999998 0.299 10 2.213 0.001 0.0000004500 0.005 0.097133
0.72 0.24 0.312 10 2.213 0.001 0.0000004500 0.005 0.104200
0.75 0.25 0.325 10 2.213 0.001 0.0000004500 0.005 0.111446
0.78 0.26 0.338 10 2.213 0.001 0.0000004500 0.005 0.118857
0.81 0.27 0.35100000000000003 10 2.213 0.001 0.0000004500 0.005 0.126428
0.8400000000000001 0.28 0.36400000000000005 10 2.213 0.001 0.0000004500 0.005 0.134147
0.8699999999999999 0.29 0.377 10 2.213 0.001 0.0000004500 0.005 0.142004
0.8999999999999999 0.3 0.39 10 2.213 0.001 0.0000004500 0.005 0.149992
0.9299999999999999 0.31 0.403 10 2.213 0.001 0.0000004500 0.005 0.158104
0.96 0.32 0.41600000000000004 10 2.213 0.001 0.0000004500 0.005 0.166329
0.99 0.33 0.42900000000000005 10 2.213 0.001 0.0000004500 0.005 0.174662
1.02 0.33999999999999997 0.44199999999999995 10 2.213 0.001 0.0000004500 0.005 0.183097
1.0499999999999998 0.35 0.45499999999999996 10 2.213 0.001 0.0000004500 0.005 0.191630
1.08 0.36 0.46799999999999997 10 2.213 0.001 0.0000004500 0.005 0.200254
1.1099999999999999 0.37 0.481 10 2.213 0.001 0.0000004500 0.005 0.208965
1.1400000000000001 0.38 0.494 10 2.213 0.001 0.0000004500 0.005 0.217759
1.17 0.39 0.507 10 2.213 0.001 0.0000004500 0.005 0.226635
1.2000000000000002 0.4 0.52 10 2.213 0.001 0.0000004500 0.005 0.235591
1.23 0.41 0.5329999999999999 10 2.213 0.001 0.0000004500 0.005 0.244620
1.26 0.42 0.546 10 2.213 0.001 0.0000004500 0.005 0.253724
1.29 0.43 0.5589999999999999 10 2.213 0.001 0.0000004500 0.005 0.262902
1.32 0.44 0.5720000000000001 10 2.213 0.001 0.0000004500 0.005 0.272157
1.35 0.45 0.585 10 2.213 0.001 0.0000004500 0.005 0.281487
1.3800000000000001 0.46 0.5980000000000001 10 2.213 0.001 0.0000004500 0.005 0.290888
1.41 0.47 0.611 10 2.213 0.001 0.0000004500 0.005 0.300359
1.44 0.48 0.624 10 2.213 0.001 0.0000004500 0.005 0.309903
1.47 0.49 0.637 10 2.213 0.001 0.0000004500 0.005 0.319523
1.5 0.5 0.65 10 2.213 0.001 0.0000004500 0.005 0.329221
1.53 0.51 0.663 10 2.213 0.001 0.0000004500 0.005 0.338990
1.56 0.52 0.676 10 2.213 0.001 0.0000004500 0.005 0.348825
1.59 0.53 0.6890000000000001 10 2.213 0.001 0.0000004500 0.005 0.358720
1.62 0.54 0.7020000000000001 10 2.213 0.001 0.0000004500 0.005 0.368667
1.6500000000000001 0.55 0.7150000000000001 10 2.213 0.001 0.0000004500 0.005 0.378650
1.6800000000000002 0.56 0.7280000000000001 10 2.213 0.001 0.0000004500 0.005 0.388655
1.7100000000000002 0.5700000000000001 0.7410000000000001 10 2.213 0.001 0.0000004500 0.005 0.398673
1.7400000000000002 0.5800000000000001 0.7540000000000001 10 2.213 0.001 0.0000004500 0.005 0.408712
1.7700000000000002 0.5900000000000001 0.7670000000000001 10 2.213 0.001 0.0000004500 0.005 0.418779
1.8000000000000003 0.6000000000000001 0.7800000000000001 10 2.213 0.001 0.0000004500 0.005 0.428886
1.8300000000000003 0.6100000000000001 0.7930000000000001 10 2.213 0.001 0.0000004500 0.005 0.439040
1.8600000000000003 0.6200000000000001 0.8060000000000002 10 2.213 0.001 0.0000004500 0.005 0.449249
1.8900000000000001 0.63 0.819 10 2.213 0.001 0.0000004500 0.005 0.459514
1.92 0.64 0.8320000000000001 10 2.213 0.001 0.0000004500 0.005 0.459033
1.9500000000000002 0.65 0.845 10 2.213 0.001 0.0000004500 0.005 0.467790
1.98 0.66 0.8580000000000001 10 2.213 0.001 0.0000004500 0.005 0.476556
2.0100000000000002 0.67 0.871 10 2.213 0.001 0.0000004500 0.005 0.485342
2.04 0.68 0.8840000000000001 10 2.213 0.001 0.0000004500 0.005 0.494161
2.0700000000000003 0.6900000000000001 0.897 10 2.213 0.001 0.0000004500 0.005 0.503020
2.1 0.7000000000000001 0.9100000000000001 10 2.213 0.001 0.0000004500 0.005 0.511927
2.1300000000000003 0.7100000000000001 0.923 10 2.213 0.001 0.0000004500 0.005 0.520884
2.16 0.7200000000000001 0.9360000000000002 10 2.213 0.001 0.0000004500 0.005 0.529893
2.1900000000000004 0.7300000000000001 0.9490000000000001 10 2.213 0.001 0.0000004500 0.005 0.538959
2.22 0.7400000000000001 0.9620000000000002 10 2.213 0.001 0.0000004500 0.005 0.548084
2.2500000000000004 0.7500000000000001 0.9750000000000001 10 2.213 0.001 0.0000004500 0.005 0.557274
2.2800000000000002 0.76 0.988 10 2.213 0.001 0.0000004500 0.005 0.566531
2.31 0.77 1.001 10 2.213 0.001 0.0000004500 0.005 0.575859
2.34 0.78 1.014 10 2.213 0.001 0.0000004500 0.005 0.585260
2.37 0.79 1.0270000000000001 10 2.213 0.001 0.0000004500 0.005 0.594734
2.4000000000000004 0.8 1.04 10 2.213 0.001 0.0000004500 0.005 0.604284
2.43 0.81 1.053 10 2.213 0.001 0.0000004500 0.005 0.613903
2.46 0.8200000000000001 1.066 10 2.213 0.001 0.0000004500 0.005 0.623603
2.49 0.8300000000000001 1.0790000000000002 10 2.213 0.001 0.0000004500 0.005 0.633380
2.5200000000000005 0.8400000000000001 1.092 10 2.213 0.001 0.0000004500 0.005 0.643236
2.5500000000000003 0.8500000000000001 1.105 10 2.213 0.001 0.0000004500 0.005 0.653171
2.58 0.8600000000000001 1.118 10 2.213 0.001 0.0000004500 0.005 0.663186
2.6100000000000003 0.8700000000000001 1.1310000000000002 10 2.213 0.001 0.0000004500 0.005 0.673280
2.6400000000000006 0.8800000000000001 1.1440000000000001 10 2.213 0.001 0.0000004500 0.005 0.683455
2.67 0.89 1.157 10 2.213 0.001 0.0000004500 0.005 0.693710
2.7 0.9 1.17 10 2.213 0.001 0.0000004500 0.005 0.704045
2.73 0.91 1.183 10 2.213 0.001 0.0000004500 0.005 0.714458
2.7600000000000002 0.92 1.1960000000000002 10 2.213 0.001 0.0000004500 0.005 0.724945
2.79 0.93 1.209 10 2.213 0.001 0.0000004500 0.005 0.735504
2.8200000000000003 0.9400000000000001 1.222 10 2.213 0.001 0.0000004500 0.005 0.746130
2.85 0.9500000000000001 1.235 10 2.213 0.001 0.0000004500 0.005 0.756819
2.8800000000000003 0.9600000000000001 1.2480000000000002 10 2.213 0.001 0.0000004500 0.005 0.767563
2.91 0.9700000000000001 1.2610000000000001 10 2.213 0.001 0.0000004500 0.005 0.778349
2.9400000000000004 0.9800000000000001 1.274 10 2.213 0.001 0.0000004500 0.005 0.789162
2.97 0.9900000000000001 1.2870000000000001 10 2.213 0.001 0.0000004500 0.005 0.799983
3.0 1.0 1.3 10 2.213 0.001 0.0000004500 0.005 0.810782
3.0300000000000002 1.01 1.313 10 2.213 0.001 0.0000004500 0.005 0.821514
3.06 1.02 1.326 10 2.213 0.001 0.0000004500 0.005 0.832098
3.09 1.03 1.339 10 2.213 0.001 0.0000004500 0.005 0.842455
3.12 1.04 1.352 10 2.213 0.001 0.0000004500 0.005 0.852500
3.1500000000000004 1.05 1.365 10 2.213 0.001 0.0000004500 0.005 0.862027
3.18 1.06 1.3780000000000001 10 2.213 0.001 0.0000004500 0.005 0.871066
3.21 1.07 1.391 10 2.213 0.001 0.0000004500 0.005 0.879338
3.24 1.08 1.4040000000000001 10 2.213 0.001 0.0000004500 0.005 0.886541
3.2700000000000005 1.09 1.417 10 2.213 0.001 0.0000004500 0.005 0.892649
3.3000000000000003 1.1 1.4300000000000002 10 2.213 0.001 0.0000004500 0.005 0.898280
3.33 1.11 1.443 10 2.213 0.001 0.0000004500 0.005 0.904795
3.3600000000000003 1.12 1.4560000000000002 10 2.213 0.001 0.0000004500 0.005 0.912563
3.3900000000000006 1.1300000000000001 1.469 10 2.213 0.001 0.0000004500 0.005 0.920994
3.4200000000000004 1.1400000000000001 1.4820000000000002 10 2.213 0.001 0.0000004500 0.005 0.929872
3.45 1.1500000000000001 1.495 10 2.213 0.001 0.0000004500 0.005 0.939090
3.4800000000000004 1.1600000000000001 1.5080000000000002 10 2.213 0.001 0.0000004500 0.005 0.948584
3.5100000000000007 1.1700000000000002 1.5210000000000001 10 2.213 0.001 0.0000004500 0.005 0.958310
3.5400000000000005 1.1800000000000002 1.5340000000000003 10 2.213 0.001 0.0000004500 0.005 0.968239
3.5700000000000003 1.1900000000000002 1.5470000000000002 10 2.213 0.001 0.0000004500 0.005 0.978346
3.6000000000000005 1.2000000000000002 1.5600000000000003 10 2.213 0.001 0.0000004500 0.005 0.988614
3.63 1.21 1.573 10 2.213 0.001 0.0000004500 0.005 0.999027
3.66 1.22 1.5859999999999999 10 2.213 0.001 0.0000004500 0.005 1.009575
3.69 1.23 1.599 10 2.213 0.001 0.0000004500 0.005 1.020246
3.7199999999999998 1.24 1.612 10 2.213 0.001 0.0000004500 0.005 1.031032
3.75 1.25 1.625 10 2.213 0.001 0.0000004500 0.005 1.041926
3.7800000000000002 1.26 1.638 10 2.213 0.001 0.0000004500 0.005 1.052921
3.81 1.27 1.651 10 2.213 0.001 0.0000004500 0.005 1.064012
3.84 1.28 1.6640000000000001 10 2.213 0.001 0.0000004500 0.005 1.075883
3.87 1.29 1.677 10 2.213 0.001 0.0000004500 0.005 1.087171
3.9000000000000004 1.3 1.69 10 2.213 0.001 0.0000004500 0.005 1.098526
3.93 1.31 1.703 10 2.213 0.001 0.0000004500 0.005 1.109946
3.96 1.32 1.7160000000000002 10 2.213 0.001 0.0000004500 0.005 1.121440
3.99 1.33 1.729 10 2.213 0.001 0.0000004500 0.005 1.133004
4.0200000000000005 1.34 1.742 10 2.213 0.001 0.0000004500 0.005 1.144636
4.050000000000001 1.35 1.7550000000000001 10 2.213 0.001 0.0000004500 0.005 1.156332
4.08 1.36 1.7680000000000002 10 2.213 0.001 0.0000004500 0.005 1.168083
4.11 1.37 1.7810000000000001 10 2.213 0.001 0.0000004500 0.005 1.179879
4.140000000000001 1.3800000000000001 1.794 10 2.213 0.001 0.0000004500 0.005 1.191741
4.17 1.3900000000000001 1.8070000000000002 10 2.213 0.001 0.0000004500 0.005 1.203048
4.2 1.4000000000000001 1.8200000000000003 10 2.213 0.001 0.0000004500 0.005 1.215034
4.23 1.4100000000000001 1.8330000000000002 10 2.213 0.001 0.0000004500 0.005 1.227068
4.260000000000001 1.4200000000000002 1.846 10 2.213 0.001 0.0000004500 0.005 1.239150
4.290000000000001 1.4300000000000002 1.8590000000000002 10 2.213 0.001 0.0000004500 0.005 1.251277
4.32 1.4400000000000002 1.8720000000000003 10 2.213 0.001 0.0000004500 0.005 1.263447
4.3500000000000005 1.4500000000000002 1.8850000000000002 10 2.213 0.001 0.0000004500 0.005 1.275658
4.38 1.46 1.898 10 2.213 0.001 0.0000004500 0.005 1.287906
4.41 1.47 1.911 10 2.213 0.001 0.0000004500 0.005 1.300192
4.4399999999999995 1.48 1.924 10 2.213 0.001 0.0000004500 0.005 1.312512
4.47 1.49 1.937 10 2.213 0.001 0.0000004500 0.005 1.324864
4.5 1.5 1.95 10 2.213 0.001 0.0000004500 0.005 1.337247
4.53 1.51 1.963 10 2.213 0.001 0.0000004500 0.005 1.349657
4.5600000000000005 1.52 1.976 10 2.213 0.001 0.0000004500 0.005 1.362095
4.59 1.53 1.9889999999999999 10 2.213 0.001 0.0000004500 0.005 1.374558
4.62 1.54 2.002 10 2.213 0.001 0.0000004500 0.005 1.387044
4.65 1.55 2.015 10 2.213 0.001 0.0000004500 0.005 1.399550
4.68 1.56 2.028 10 2.213 0.001 0.0000004500 0.005 1.412075
4.71 1.57 2.041 10 2.213 0.001 0.0000004500 0.005 1.424617
4.74 1.58 2.0540000000000003 10 2.213 0.001 0.0000004500 0.005 1.435565
4.7700000000000005 1.59 2.067 10 2.213 0.001 0.0000004500 0.005 1.448129
4.800000000000001 1.6 2.08 10 2.213 0.001 0.0000004500 0.005 1.460703
4.83 1.61 2.093 10 2.213 0.001 0.0000004500 0.005 1.473287
4.86 1.62 2.106 10 2.213 0.001 0.0000004500 0.005 1.485879
4.890000000000001 1.6300000000000001 2.119 10 2.213 0.001 0.0000004500 0.005 1.498476
4.92 1.6400000000000001 2.132 10 2.213 0.001 0.0000004500 0.005 1.511077
4.95 1.6500000000000001 2.145 10 2.213 0.001 0.0000004500 0.005 1.523679
4.98 1.6600000000000001 2.1580000000000004 10 2.213 0.001 0.0000004500 0.005 1.536281
5.010000000000001 1.6700000000000002 2.1710000000000003 10 2.213 0.001 0.0000004500 0.005 1.548880
5.040000000000001 1.6800000000000002 2.184 10 2.213 0.001 0.0000004500 0.005 1.561460
5.07 1.6900000000000002 2.197 10 2.213 0.001 0.0000004500 0.005 1.574048
5.1000000000000005 1.7000000000000002 2.21 10 2.213 0.001 0.0000004500 0.005 1.586629
5.130000000000001 1.7100000000000002 2.2230000000000003 10 2.213 0.001 0.0000004500 0.005 1.599201
5.16 1.72 2.2359999999999998 10 2.213 0.001 0.0000004500 0.005 1.611764
5.1899999999999995 1.73 2.249 10 2.213 0.001 0.0000004500 0.005 1.624318
5.22 1.74 2.262 10 2.213 0.001 0.0000004500 0.005 1.636862
5.25 1.75 2.275 10 2.213 0.001 0.0000004500 0.005 1.649396
5.28 1.76 2.2880000000000003 10 2.213 0.001 0.0000004500 0.005 1.661922
5.3100000000000005 1.77 2.301 10 2.213 0.001 0.0000004500 0.005 1.674436
5.34 1.78 2.314 10 2.213 0.001 0.0000004500 0.005 1.686936
5.37 1.79 2.327 10 2.213 0.001 0.0000004500 0.005 1.699416
5.4 1.8 2.34 10 2.213 0.001 0.0000004500 0.005 1.711866
5.43 1.81 2.353 10 2.213 0.001 0.0000004500 0.005 1.724269
5.46 1.82 2.366 10 2.213 0.001 0.0000004500 0.005 1.736609
5.49 1.83 2.379 10 2.213 0.001 0.0000004500 0.005 1.748859
5.5200000000000005 1.84 2.3920000000000003 10 2.213 0.001 0.0000004500 0.005 1.760994
5.550000000000001 1.85 2.4050000000000002 10 2.213 0.001 0.0000004500 0.005 1.772987
5.58 1.86 2.418 10 2.213 0.001 0.0000004500 0.005 1.784804
5.61 1.87 2.431 10 2.213 0.001 0.0000004500 0.005 1.796420
5.640000000000001 1.8800000000000001 2.444 10 2.213 0.001 0.0000004500 0.005 1.807806
5.67 1.8900000000000001 2.4570000000000003 10 2.213 0.001 0.0000004500 0.005 1.818942
5.7 1.9000000000000001 2.47 10 2.213 0.001 0.0000004500 0.005 1.829806
5.73 1.9100000000000001 2.483 10 2.213 0.001 0.0000004500 0.005 1.840388
5.760000000000001 1.9200000000000002 2.4960000000000004 10 2.213 0.001 0.0000004500 0.005 1.850677
5.790000000000001 1.9300000000000002 2.5090000000000003 10 2.213 0.001 0.0000004500 0.005 1.860673
5.82 1.9400000000000002 2.5220000000000002 10 2.213 0.001 0.0000004500 0.005 1.870328
5.8500000000000005 1.9500000000000002 2.535 10 2.213 0.001 0.0000004500 0.005 1.879732
5.880000000000001 1.9600000000000002 2.548 10 2.213 0.001 0.0000004500 0.005 1.888855
5.91 1.97 2.561 10 2.213 0.001 0.0000004500 0.005 1.897706
5.9399999999999995 1.98 2.574 10 2.213 0.001 0.0000004500 0.005 1.906298
5.97 1.99 2.5869999999999997 10 2.213 0.001 0.0000004500 0.005 1.914645
6.0 2.0 2.6 10 2.213 0.001 0.0000004500 0.005 1.922753
6.029999999999999 2.01 2.6129999999999995 10 2.213 0.001 0.0000004500 0.005 1.930638
6.0600000000000005 2.02 2.626 10 2.213 0.001 0.0000004500 0.005 1.938308
6.09 2.03 2.639 10 2.213 0.001 0.0000004500 0.005 1.945777
6.12 2.04 2.652 10 2.213 0.001 0.0000004500 0.005 1.953047
6.1499999999999995 2.05 2.6649999999999996 10 2.213 0.001 0.0000004500 0.005 1.960125
6.18 2.06 2.678 10 2.213 0.001 0.0000004500 0.005 1.967020
6.209999999999999 2.07 2.691 10 2.213 0.001 0.0000004500 0.005 1.973735
6.24 2.08 2.704 10 2.213 0.001 0.0000004500 0.005 1.980277
6.27 2.09 2.7169999999999996 10 2.213 0.001 0.0000004500 0.005 1.986651
6.299999999999999 2.0999999999999996 2.7299999999999995 10 2.213 0.001 0.0000004500 0.005 1.992851
6.33 2.11 2.743 10 2.213 0.001 0.0000004500 0.005 1.998885
6.359999999999999 2.1199999999999997 2.7559999999999993 10 2.213 0.001 0.0000004500 0.005 2.004753
6.39 2.13 2.7689999999999997 10 2.213 0.001 0.0000004500 0.005 2.010455
6.419999999999999 2.1399999999999997 2.7819999999999996 10 2.213 0.001 0.0000004500 0.005 2.015995
6.449999999999999 2.15 2.795 10 2.213 0.001 0.0000004500 0.005 2.021375
6.479999999999999 2.1599999999999997 2.808 10 2.213 0.001 0.0000004500 0.005 2.026595
6.51 2.17 2.8209999999999997 10 2.213 0.001 0.0000004500 0.005 2.031654
6.539999999999999 2.1799999999999997 2.8339999999999996 10 2.213 0.001 0.0000004500 0.005 2.036544
6.57 2.19 2.847 10 2.213 0.001 0.0000004500 0.005 2.041265
6.6 2.1999999999999997 2.8599999999999994 10 2.213 0.001 0.0000004500 0.005 2.045817
6.63 2.21 2.8729999999999998 10 2.213 0.001 0.0000004500 0.005 2.050204
6.659999999999999 2.2199999999999998 2.8859999999999997 10 2.213 0.001 0.0000004500 0.005 2.054420
6.6899999999999995 2.23 2.899 10 2.213 0.001 0.0000004500 0.005 2.058470
6.719999999999999 2.2399999999999998 2.912 10 2.213 0.001 0.0000004500 0.005 2.062356
6.75 2.25 2.925 10 2.213 0.001 0.0000004500 0.005 2.066074
6.779999999999999 2.26 2.9379999999999997 10 2.213 0.001 0.0000004500 0.005 2.069626
6.8100000000000005 2.27 2.951 10 2.213 0.001 0.0000004500 0.005 2.073012
6.84 2.28 2.9639999999999995 10 2.213 0.001 0.0000004500 0.005 2.076225
6.87 2.29 2.977 10 2.213 0.001 0.0000004500 0.005 2.079268
6.8999999999999995 2.3 2.9899999999999998 10 2.213 0.001 0.0000004500 0.005 2.082146
6.93 2.31 3.003 10 2.213 0.001 0.0000004500 0.005 2.084861
6.959999999999999 2.32 3.016 10 2.213 0.001 0.0000004500 0.005 2.087407
6.99 2.33 3.029 10 2.213 0.001 0.0000004500 0.005 2.089768
7.02 2.34 3.042 10 2.213 0.001 0.0000004500 0.005 2.091969
7.050000000000001 2.35 3.055 10 2.213 0.001 0.0000004500 0.005 2.025059
7.08 2.36 3.0679999999999996 10 2.213 0.001 0.0000004500 0.005 2.024666
7.109999999999999 2.3699999999999997 3.0809999999999995 10 2.213 0.001 0.0000004500 0.005 2.024120
7.14 2.38 3.094 10 2.213 0.001 0.0000004500 0.005 2.023421
7.169999999999999 2.3899999999999997 3.1069999999999993 10 2.213 0.001 0.0000004500 0.005 2.022572
7.199999999999999 2.4 3.12 10 2.213 0.001 0.0000004500 0.005 2.021574
7.229999999999999 2.4099999999999997 3.1329999999999996 10 2.213 0.001 0.0000004500 0.005 2.020428
7.26 2.42 3.146 10 2.213 0.001 0.0000004500 0.005 2.019136
7.289999999999999 2.4299999999999997 3.159 10 2.213 0.001 0.0000004500 0.005 2.017701
7.32 2.44 3.1719999999999997 10 2.213 0.001 0.0000004500 0.005 2.016126
7.35 2.4499999999999997 3.1849999999999996 10 2.213 0.001 0.0000004500 0.005 2.014412
7.38 2.46 3.198 10 2.213 0.001 0.0000004500 0.005 2.012554
7.409999999999999 2.4699999999999998 3.2109999999999994 10 2.213 0.001 0.0000004500 0.005 2.010554
7.4399999999999995 2.48 3.224 10 2.213 0.001 0.0000004500 0.005 2.008421
7.469999999999999 2.4899999999999998 3.2369999999999997 10 2.213 0.001 0.0000004500 0.005 2.006152
7.5 2.5 3.25 10 2.213 0.001 0.0000004500 0.005 2.003746
7.529999999999999 2.51 3.263 10 2.213 0.001 0.0000004500 0.005 2.001208
7.5600000000000005 2.52 3.276 10 2.213 0.001 0.0000004500 0.005 1.998536
7.59 2.53 3.2889999999999997 10 2.213 0.001 0.0000004500 0.005 1.995733
7.62 2.54 3.302 10 2.213 0.001 0.0000004500 0.005 1.992800
7.6499999999999995 2.55 3.3149999999999995 10 2.213 0.001 0.0000004500 0.005 1.989739
7.68 2.56 3.3280000000000003 10 2.213 0.001 0.0000004500 0.005 1.986550
7.709999999999999 2.57 3.3409999999999997 10 2.213 0.001 0.0000004500 0.005 1.983229
7.74 2.58 3.354 10 2.213 0.001 0.0000004500 0.005 1.979783
7.77 2.59 3.367 10 2.213 0.001 0.0000004500 0.005 1.976219
7.800000000000001 2.6 3.38 10 2.213 0.001 0.0000004500 0.005 1.972534
7.83 2.61 3.393 10 2.213 0.001 0.0000004500 0.005 1.968723
7.859999999999999 2.6199999999999997 3.4059999999999997 10 2.213 0.001 0.0000004500 0.005 1.964787
7.89 2.63 3.4189999999999996 10 2.213 0.001 0.0000004500 0.005 1.962488
7.919999999999999 2.6399999999999997 3.4319999999999995 10 2.213 0.001 0.0000004500 0.005 1.958306
7.949999999999999 2.65 3.445 10 2.213 0.001 0.0000004500 0.005 1.954005
7.979999999999999 2.6599999999999997 3.4579999999999997 10 2.213 0.001 0.0000004500 0.005 1.949585
8.01 2.67 3.471 10 2.213 0.001 0.0000004500 0.005 1.945047
8.04 2.6799999999999997 3.4839999999999995 10 2.213 0.001 0.0000004500 0.005 1.940389
8.07 2.69 3.497 10 2.213 0.001 0.0000004500 0.005 1.935618
8.1 2.6999999999999997 3.51 10 2.213 0.001 0.0000004500 0.005 1.930726
8.129999999999999 2.71 3.5229999999999997 10 2.213 0.001 0.0000004500 0.005 1.925715
8.16 2.7199999999999998 3.5359999999999996 10 2.213 0.001 0.0000004500 0.005 1.920588
8.19 2.73 3.549 10 2.213 0.001 0.0000004500 0.005 1.915344
8.219999999999999 2.7399999999999998 3.562 10 2.213 0.001 0.0000004500 0.005 1.909980
8.25 2.75 3.575 10 2.213 0.001 0.0000004500 0.005 1.904498
8.28 2.76 3.5879999999999996 10 2.213 0.001 0.0000004500 0.005 1.898896
8.31 2.77 3.601 10 2.213 0.001 0.0000004500 0.005 1.893173
8.34 2.78 3.614 10 2.213 0.001 0.0000004500 0.005 1.887329
8.370000000000001 2.79 3.627 10 2.213 0.001 0.0000004500 0.005 1.881362
8.399999999999999 2.8 3.6399999999999997 10 2.213 0.001 0.0000004500 0.005 1.875275
8.43 2.81 3.653 10 2.213 0.001 0.0000004500 0.005 1.869072
8.459999999999999 2.82 3.666 10 2.213 0.001 0.0000004500 0.005 1.862748
8.49 2.83 3.6790000000000003 10 2.213 0.001 0.0000004500 0.005 1.856307
8.52 2.84 3.6919999999999997 10 2.213 0.001 0.0000004500 0.005 1.849756
8.55 2.85 3.705 10 2.213 0.001 0.0000004500 0.005 1.843096
8.58 2.86 3.718 10 2.213 0.001 0.0000004500 0.005 1.836334
8.61 2.8699999999999997 3.7309999999999994 10 2.213 0.001 0.0000004500 0.005 1.829478
8.64 2.88 3.7439999999999998 10 2.213 0.001 0.0000004500 0.005 1.822531
8.669999999999998 2.8899999999999997 3.7569999999999997 10 2.213 0.001 0.0000004500 0.005 1.815492
8.7 2.9 3.77 10 2.213 0.001 0.0000004500 0.005 1.808386
8.729999999999999 2.9099999999999997 3.7829999999999995 10 2.213 0.001 0.0000004500 0.005 1.801219
8.76 2.92 3.796 10 2.213 0.001 0.0000004500 0.005 1.793989
8.79 2.9299999999999997 3.8089999999999997 10 2.213 0.001 0.0000004500 0.005 1.786707
8.82 2.94 3.822 10 2.213 0.001 0.0000004500 0.005 1.779382
8.85 2.9499999999999997 3.8349999999999995 10 2.213 0.001 0.0000004500 0.005 1.772023
8.879999999999999 2.96 3.848 10 2.213 0.001 0.0000004500 0.005 1.764631
8.91 2.9699999999999998 3.8609999999999998 10 2.213 0.001 0.0000004500 0.005 1.757208
8.94 2.98 3.874 10 2.213 0.001 0.0000004500 0.005 1.749768
8.969999999999999 2.9899999999999998 3.8869999999999996 10 2.213 0.001 0.0000004500 0.005 1.742308
9.0 3.0 3.9 10 2.213 0.001 0.0000004500 0.005 1.734834
9.03 3.01 3.913 10 2.213 0.001 0.0000004500 0.005 1.727347
9.06 3.02 3.926 10 2.213 0.001 0.0000004500 0.005 1.719849
9.09 3.03 3.9389999999999996 10 2.213 0.001 0.0000004500 0.005 1.712341
9.120000000000001 3.04 3.952 10 2.213 0.001 0.0000004500 0.005 1.704808
