0.15000000000000002 0.05 0.065 0.5 2.213 0.001 0.0000004500 0.04 0.013023
0.18000000000000002 0.060000000000000005 0.07800000000000001 0.5 2.213 0.001 0.0000004500 0.04 0.015154
0.21000000000000002 0.07 0.09100000000000001 0.5 2.213 0.001 0.0000004500 0.04 0.018334
0.24 0.08 0.10400000000000001 0.5 2.213 0.001 0.0000004500 0.04 0.021659
0.27 0.09 0.11699999999999999 0.5 2.213 0.001 0.0000004500 0.04 0.022344
0.30000000000000004 0.1 0.13 0.5 2.213 0.001 0.0000004500 0.04 0.022653
0.33 0.11 0.14300000000000002 0.5 2.213 0.001 0.0000004500 0.04 0.022495
0.36000000000000004 0.12000000000000001 0.15600000000000003 0.5 2.213 0.001 0.0000004500 0.04 0.021136
0.39 0.13 0.169 0.5 2.213 0.001 0.0000004500 0.04 0.018706
0.42000000000000004 0.14 0.18200000000000002 0.5 2.213 0.001 0.0000004500 0.04 0.015466
0.45000000000000007 0.15000000000000002 0.19500000000000003 0.5 2.213 0.001 0.0000004500 0.04 0.010671
0.48 0.16 0.20800000000000002 0.5 2.213 0.001 0.0000004500 0.04 0.005472
0.51 0.16999999999999998 0.22099999999999997 0.5 2.213 0.001 0.0000004500 0.04 0.002872
0.54 0.18 0.23399999999999999 0.5 2.213 0.001 0.0000004500 0.04 0.001570
0.5700000000000001 0.19 0.247 0.5 2.213 0.001 0.0000004500 0.04 0.000794
0.6000000000000001 0.2 0.26 0.5 2.213 0.001 0.0000004500 0.04 0.000270
0.6300000000000001 0.21000000000000002 0.273 0.5 2.213 0.001 0.0000004500 0.04 0.000057
0.6600000000000001 0.22000000000000003 0.28600000000000003 0.5 2.213 0.001 0.0000004500 0.04 0.000008
0.69 0.22999999999999998 0.299 0.5 2.213 0.001 0.0000004500 0.04 0.000001
0.72 0.24 0.312 0.5 2.213 0.001 0.0000004500 0.04 0.000000
0.75 0.25 0.325 0.5 2.213 0.001 0.0000004500 0.04 0.000001
0.78 0.26 0.338 0.5 2.213 0.001 0.0000004500 0.04 0.000033
0.81 0.27 0.35100000000000003 0.5 2.213 0.001 0.0000004500 0.04 0.000081
0.8400000000000001 0.28 0.36400000000000005 0.5 2.213 0.001 0.0000004500 0.04 0.000139
0.8699999999999999 0.29 0.377 0.5 2.213 0.001 0.0000004500 0.04 0.000205
0.8999999999999999 0.3 0.39 0.5 2.213 0.001 0.0000004500 0.04 0.000277
0.9299999999999999 0.31 0.403 0.5 2.213 0.001 0.0000004500 0.04 0.000355
0.96 0.32 0.41600000000000004 0.5 2.213 0.001 0.0000004500 0.04 0.000436
0.99 0.33 0.42900000000000005 0.5 2.213 0.001 0.0000004500 0.04 0.000522
1.02 0.33999999999999997 0.44199999999999995 0.5 2.213 0.001 0.0000004500 0.04 0.000611
1.0499999999999998 0.35 0.45499999999999996 0.5 2.213 0.001 0.0000004500 0.04 0.000703
1.08 0.36 0.46799999999999997 0.5 2.213 0.001 0.0000004500 0.04 0.000797
1.1099999999999999 0.37 0.481 0.5 2.213 0.001 0.0000004500 0.04 0.000895
1.1400000000000001 0.38 0.494 0.5 2.213 0.001 0.0000004500 0.04 0.000995
1.17 0.39 0.507 0.5 2.213 0.001 0.0000004500 0.04 0.001098
1.2000000000000002 0.4 0.52 0.5 2.213 0.001 0.0000004500 0.04 0.001202
1.23 0.41 0.5329999999999999 0.5 2.213 0.001 0.0000004500 0.04 0.001309
1.26 0.42 0.546 0.5 2.213 0.001 0.0000004500 0.04 0.001418
1.29 0.43 0.5589999999999999 0.5 2.213 0.001 0.0000004500 0.04 0.001529
1.32 0.44 0.5720000000000001 0.5 2.213 0.001 0.0000004500 0.04 0.001641
1.35 0.45 0.585 0.5 2.213 0.001 0.0000004500 0.04 0.001750
1.3800000000000001 0.46 0.5980000000000001 0.5 2.213 0.001 0.0000004500 0.04 0.001850
1.41 0.47 0.611 0.5 2.213 0.001 0.0000004500 0.04 0.001916
1.44 0.48 0.624 0.5 2.213 0.001 0.0000004500 0.04 0.001908
1.47 0.49 0.637 0.5 2.213 0.001 0.0000004500 0.04 0.001777
1.5 0.5 0.65 0.5 2.213 0.001 0.0000004500 0.04 0.001584
1.53 0.51 0.663 0.5 2.213 0.001 0.0000004500 0.04 0.001540
1.56 0.52 0.676 0.5 2.213 0.001 0.0000004500 0.04 0.001553
1.59 0.53 0.6890000000000001 0.5 2.213 0.001 0.0000004500 0.04 0.001589
1.62 0.54 0.7020000000000001 0.5 2.213 0.001 0.0000004500 0.04 0.001638
1.6500000000000001 0.55 0.7150000000000001 0.5 2.213 0.001 0.0000004500 0.04 0.001695
1.6800000000000002 0.56 0.7280000000000001 0.5 2.213 0.001 0.0000004500 0.04 0.001757
1.7100000000000002 0.5700000000000001 0.7410000000000001 0.5 2.213 0.001 0.0000004500 0.04 0.001824
1.7400000000000002 0.5800000000000001 0.7540000000000001 0.5 2.213 0.001 0.0000004500 0.04 0.001894
1.7700000000000002 0.5900000000000001 0.7670000000000001 0.5 2.213 0.001 0.0000004500 0.04 0.001967
1.8000000000000003 0.6000000000000001 0.7800000000000001 0.5 2.213 0.001 0.0000004500 0.04 0.002042
1.8300000000000003 0.6100000000000001 0.7930000000000001 0.5 2.213 0.001 0.0000004500 0.04 0.002119
1.8600000000000003 0.6200000000000001 0.8060000000000002 0.5 2.213 0.001 0.0000004500 0.04 0.002198
1.8900000000000001 0.63 0.819 0.5 2.213 0.001 0.0000004500 0.04 0.002279
1.92 0.64 0.8320000000000001 0.5 2.213 0.001 0.0000004500 0.04 0.002361
1.9500000000000002 0.65 0.845 0.5 2.213 0.001 0.0000004500 0.04 0.002445
1.98 0.66 0.8580000000000001 0.5 2.213 0.001 0.0000004500 0.04 0.002529
2.0100000000000002 0.67 0.871 0.5 2.213 0.001 0.0000004500 0.04 0.002615
2.04 0.68 0.8840000000000001 0.5 2.213 0.001 0.0000004500 0.04 0.002703
2.0700000000000003 0.6900000000000001 0.897 0.5 2.213 0.001 0.0000004500 0.04 0.002791
2.1 0.7000000000000001 0.9100000000000001 0.5 2.213 0.001 0.0000004500 0.04 0.002881
2.1300000000000003 0.7100000000000001 0.923 0.5 2.213 0.001 0.0000004500 0.04 0.002971
2.16 0.7200000000000001 0.9360000000000002 0.5 2.213 0.001 0.0000004500 0.04 0.003063
2.1900000000000004 0.7300000000000001 0.9490000000000001 0.5 2.213 0.001 0.0000004500 0.04 0.003156
2.22 0.7400000000000001 0.9620000000000002 0.5 2.213 0.001 0.0000004500 0.04 0.003249
2.2500000000000004 0.7500000000000001 0.9750000000000001 0.5 2.213 0.001 0.0000004500 0.04 0.003344
2.2800000000000002 0.76 0.988 0.5 2.213 0.001 0.0000004500 0.04 0.003440
2.31 0.77 1.001 0.5 2.213 0.001 0.0000004500 0.04 0.003536
2.34 0.78 1.014 0.5 2.213 0.001 0.0000004500 0.04 0.003634
2.37 0.79 1.0270000000000001 0.5 2.213 0.001 0.0000004500 0.04 0.003733
2.4000000000000004 0.8 1.04 0.5 2.213 0.001 0.0000004500 0.04 0.003832
2.43 0.81 1.053 0.5 2.213 0.001 0.0000004500 0.04 0.003930
2.46 0.8200000000000001 1.066 0.5 2.213 0.001 0.0000004500 0.04 0.004031
2.49 0.8300000000000001 1.0790000000000002 0.5 2.213 0.001 0.0000004500 0.04 0.004134
2.5200000000000005 0.8400000000000001 1.092 0.5 2.213 0.001 0.0000004500 0.04 0.004237
2.5500000000000003 0.8500000000000001 1.105 0.5 2.213 0.001 0.0000004500 0.04 0.004341
2.58 0.8600000000000001 1.118 0.5 2.213 0.001 0.0000004500 0.04 0.004446
2.6100000000000003 0.8700000000000001 1.1310000000000002 0.5 2.213 0.001 0.0000004500 0.04 0.004553
2.6400000000000006 0.8800000000000001 1.1440000000000001 0.5 2.213 0.001 0.0000004500 0.04 0.004660
2.67 0.89 1.157 0.5 2.213 0.001 0.0000004500 0.04 0.004768
2.7 0.9 1.17 0.5 2.213 0.001 0.0000004500 0.04 0.004877
2.73 0.91 1.183 0.5 2.213 0.001 0.0000004500 0.04 0.004986
2.7600000000000002 0.92 1.1960000000000002 0.5 2.213 0.001 0.0000004500 0.04 0.005097
2.79 0.93 1.209 0.5 2.213 0.001 0.0000004500 0.04 0.005209
2.8200000000000003 0.9400000000000001 1.222 0.5 2.213 0.001 0.0000004500 0.04 0.005321
2.85 0.9500000000000001 1.235 0.5 2.213 0.001 0.0000004500 0.04 0.005435
2.8800000000000003 0.9600000000000001 1.2480000000000002 0.5 2.213 0.001 0.0000004500 0.04 0.005549
2.91 0.9700000000000001 1.2610000000000001 0.5 2.213 0.001 0.0000004500 0.04 0.005665
2.9400000000000004 0.9800000000000001 1.274 0.5 2.213 0.001 0.0000004500 0.04 0.005781
2.97 0.9900000000000001 1.2870000000000001 0.5 2.213 0.001 0.0000004500 0.04 0.005898
3.0 1.0 1.3 0.5 2.213 0.001 0.0000004500 0.04 0.006017
3.0300000000000002 1.01 1.313 0.5 2.213 0.001 0.0000004500 0.04 0.006136
3.06 1.02 1.326 0.5 2.213 0.001 0.0000004500 0.04 0.006256
3.09 1.03 1.339 0.5 2.213 0.001 0.0000004500 0.04 0.006377
3.12 1.04 1.352 0.5 2.213 0.001 0.0000004500 0.04 0.006499
3.1500000000000004 1.05 1.365 0.5 2.213 0.001 0.0000004500 0.04 0.006622
3.18 1.06 1.3780000000000001 0.5 2.213 0.001 0.0000004500 0.04 0.006745
3.21 1.07 1.391 0.5 2.213 0.001 0.0000004500 0.04 0.006870
3.24 1.08 1.4040000000000001 0.5 2.213 0.001 0.0000004500 0.04 0.006996
3.2700000000000005 1.09 1.417 0.5 2.213 0.001 0.0000004500 0.04 0.007122
3.3000000000000003 1.1 1.4300000000000002 0.5 2.213 0.001 0.0000004500 0.04 0.007250
3.33 1.11 1.443 0.5 2.213 0.001 0.0000004500 0.04 0.007378
3.3600000000000003 1.12 1.4560000000000002 0.5 2.213 0.001 0.0000004500 0.04 0.007507
3.3900000000000006 1.1300000000000001 1.469 0.5 2.213 0.001 0.0000004500 0.04 0.007638
3.4200000000000004 1.1400000000000001 1.4820000000000002 0.5 2.213 0.001 0.0000004500 0.04 0.007769
3.45 1.1500000000000001 1.495 0.5 2.213 0.001 0.0000004500 0.04 0.007901
3.4800000000000004 1.1600000000000001 1.5080000000000002 0.5 2.213 0.001 0.0000004500 0.04 0.008034
3.5100000000000007 1.1700000000000002 1.5210000000000001 0.5 2.213 0.001 0.0000004500 0.04 0.008168
3.5400000000000005 1.1800000000000002 1.5340000000000003 0.5 2.213 0.001 0.0000004500 0.04 0.008303
3.5700000000000003 1.1900000000000002 1.5470000000000002 0.5 2.213 0.001 0.0000004500 0.04 0.008439
3.6000000000000005 1.2000000000000002 1.5600000000000003 0.5 2.213 0.001 0.0000004500 0.04 0.008576
3.63 1.21 1.573 0.5 2.213 0.001 0.0000004500 0.04 0.008714
3.66 1.22 1.5859999999999999 0.5 2.213 0.001 0.0000004500 0.04 0.008852
3.69 1.23 1.599 0.5 2.213 0.001 0.0000004500 0.04 0.008992
3.7199999999999998 1.24 1.612 0.5 2.213 0.001 0.0000004500 0.04 0.009133
3.75 1.25 1.625 0.5 2.213 0.001 0.0000004500 0.04 0.009274
3.7800000000000002 1.26 1.638 0.5 2.213 0.001 0.0000004500 0.04 0.009417
3.81 1.27 1.651 0.5 2.213 0.001 0.0000004500 0.04 0.009560
3.84 1.28 1.6640000000000001 0.5 2.213 0.001 0.0000004500 0.04 0.009704
3.87 1.29 1.677 0.5 2.213 0.001 0.0000004500 0.04 0.009850
3.9000000000000004 1.3 1.69 0.5 2.213 0.001 0.0000004500 0.04 0.009996
3.93 1.31 1.703 0.5 2.213 0.001 0.0000004500 0.04 0.010143
3.96 1.32 1.7160000000000002 0.5 2.213 0.001 0.0000004500 0.04 0.010291
3.99 1.33 1.729 0.5 2.213 0.001 0.0000004500 0.04 0.010440
4.0200000000000005 1.34 1.742 0.5 2.213 0.001 0.0000004500 0.04 0.010590
4.050000000000001 1.35 1.7550000000000001 0.5 2.213 0.001 0.0000004500 0.04 0.010741
4.08 1.36 1.7680000000000002 0.5 2.213 0.001 0.0000004500 0.04 0.010892
4.11 1.37 1.7810000000000001 0.5 2.213 0.001 0.0000004500 0.04 0.011045
4.140000000000001 1.3800000000000001 1.794 0.5 2.213 0.001 0.0000004500 0.04 0.011199
4.17 1.3900000000000001 1.8070000000000002 0.5 2.213 0.001 0.0000004500 0.04 0.011353
4.2 1.4000000000000001 1.8200000000000003 0.5 2.213 0.001 0.0000004500 0.04 0.011509
4.23 1.4100000000000001 1.8330000000000002 0.5 2.213 0.001 0.0000004500 0.04 0.011665
4.260000000000001 1.4200000000000002 1.846 0.5 2.213 0.001 0.0000004500 0.04 0.011822
4.290000000000001 1.4300000000000002 1.8590000000000002 0.5 2.213 0.001 0.0000004500 0.04 0.011980
4.32 1.4400000000000002 1.8720000000000003 0.5 2.213 0.001 0.0000004500 0.04 0.012142
4.3500000000000005 1.4500000000000002 1.8850000000000002 0.5 2.213 0.001 0.0000004500 0.04 0.012302
4.38 1.46 1.898 0.5 2.213 0.001 0.0000004500 0.04 0.012463
4.41 1.47 1.911 0.5 2.213 0.001 0.0000004500 0.04 0.012625
4.4399999999999995 1.48 1.924 0.5 2.213 0.001 0.0000004500 0.04 0.012787
4.47 1.49 1.937 0.5 2.213 0.001 0.0000004500 0.04 0.012951
4.5 1.5 1.95 0.5 2.213 0.001 0.0000004500 0.04 0.013116
4.53 1.51 1.963 0.5 2.213 0.001 0.0000004500 0.04 0.013281
4.5600000000000005 1.52 1.976 0.5 2.213 0.001 0.0000004500 0.04 0.013447
4.59 1.53 1.9889999999999999 0.5 2.213 0.001 0.0000004500 0.04 0.013614
4.62 1.54 2.002 0.5 2.213 0.001 0.0000004500 0.04 0.013783
4.65 1.55 2.015 0.5 2.213 0.001 0.0000004500 0.04 0.013951
4.68 1.56 2.028 0.5 2.213 0.001 0.0000004500 0.04 0.014121
4.71 1.57 2.041 0.5 2.213 0.001 0.0000004500 0.04 0.014292
4.74 1.58 2.0540000000000003 0.5 2.213 0.001 0.0000004500 0.04 0.014464
4.7700000000000005 1.59 2.067 0.5 2.213 0.001 0.0000004500 0.04 0.014636
4.800000000000001 1.6 2.08 0.5 2.213 0.001 0.0000004500 0.04 0.014810
4.83 1.61 2.093 0.5 2.213 0.001 0.0000004500 0.04 0.014984
4.86 1.62 2.106 0.5 2.213 0.001 0.0000004500 0.04 0.015159
4.890000000000001 1.6300000000000001 2.119 0.5 2.213 0.001 0.0000004500 0.04 0.015335
4.92 1.6400000000000001 2.132 0.5 2.213 0.001 0.0000004500 0.04 0.015512
4.95 1.6500000000000001 2.145 0.5 2.213 0.001 0.0000004500 0.04 0.015689
4.98 1.6600000000000001 2.1580000000000004 0.5 2.213 0.001 0.0000004500 0.04 0.015868
5.010000000000001 1.6700000000000002 2.1710000000000003 0.5 2.213 0.001 0.0000004500 0.04 0.016047
5.040000000000001 1.6800000000000002 2.184 0.5 2.213 0.001 0.0000004500 0.04 0.016228
5.07 1.6900000000000002 2.197 0.5 2.213 0.001 0.0000004500 0.04 0.016407
5.1000000000000005 1.7000000000000002 2.21 0.5 2.213 0.001 0.0000004500 0.04 0.016589
5.130000000000001 1.7100000000000002 2.2230000000000003 0.5 2.213 0.001 0.0000004500 0.04 0.016772
5.16 1.72 2.2359999999999998 0.5 2.213 0.001 0.0000004500 0.04 0.016955
5.1899999999999995 1.73 2.249 0.5 2.213 0.001 0.0000004500 0.04 0.017140
5.22 1.74 2.262 0.5 2.213 0.001 0.0000004500 0.04 0.017325
5.25 1.75 2.275 0.5 2.213 0.001 0.0000004500 0.04 0.017511
5.28 1.76 2.2880000000000003 0.5 2.213 0.001 0.0000004500 0.04 0.017698
5.3100000000000005 1.77 2.301 0.5 2.213 0.001 0.0000004500 0.04 0.017886
5.34 1.78 2.314 0.5 2.213 0.001 0.0000004500 0.04 0.018074
5.37 1.79 2.327 0.5 2.213 0.001 0.0000004500 0.04 0.018264
5.4 1.8 2.34 0.5 2.213 0.001 0.0000004500 0.04 0.018454
5.43 1.81 2.353 0.5 2.213 0.001 0.0000004500 0.04 0.018645
5.46 1.82 2.366 0.5 2.213 0.001 0.0000004500 0.04 0.018837
5.49 1.83 2.379 0.5 2.213 0.001 0.0000004500 0.04 0.019029
5.5200000000000005 1.84 2.3920000000000003 0.5 2.213 0.001 0.0000004500 0.04 0.019222
5.550000000000001 1.85 2.4050000000000002 0.5 2.213 0.001 0.0000004500 0.04 0.019416
5.58 1.86 2.418 0.5 2.213 0.001 0.0000004500 0.04 0.019611
5.61 1.87 2.431 0.5 2.213 0.001 0.0000004500 0.04 0.019807
5.640000000000001 1.8800000000000001 2.444 0.5 2.213 0.001 0.0000004500 0.04 0.020003
5.67 1.8900000000000001 2.4570000000000003 0.5 2.213 0.001 0.0000004500 0.04 0.020200
5.7 1.9000000000000001 2.47 0.5 2.213 0.001 0.0000004500 0.04 0.020398
5.73 1.9100000000000001 2.483 0.5 2.213 0.001 0.0000004500 0.04 0.020597
5.760000000000001 1.9200000000000002 2.4960000000000004 0.5 2.213 0.001 0.0000004500 0.04 0.020796
5.790000000000001 1.9300000000000002 2.5090000000000003 0.5 2.213 0.001 0.0000004500 0.04 0.020996
5.82 1.9400000000000002 2.5220000000000002 0.5 2.213 0.001 0.0000004500 0.04 0.021197
5.8500000000000005 1.9500000000000002 2.535 0.5 2.213 0.001 0.0000004500 0.04 0.021398
5.880000000000001 1.9600000000000002 2.548 0.5 2.213 0.001 0.0000004500 0.04 0.021600
5.91 1.97 2.561 0.5 2.213 0.001 0.0000004500 0.04 0.021803
5.9399999999999995 1.98 2.574 0.5 2.213 0.001 0.0000004500 0.04 0.022007
5.97 1.99 2.5869999999999997 0.5 2.213 0.001 0.0000004500 0.04 0.022211
6.0 2.0 2.6 0.5 2.213 0.001 0.0000004500 0.04 0.022416
6.029999999999999 2.01 2.6129999999999995 0.5 2.213 0.001 0.0000004500 0.04 0.022622
6.0600000000000005 2.02 2.626 0.5 2.213 0.001 0.0000004500 0.04 0.022828
6.09 2.03 2.639 0.5 2.213 0.001 0.0000004500 0.04 0.023035
6.12 2.04 2.652 0.5 2.213 0.001 0.0000004500 0.04 0.023243
6.1499999999999995 2.05 2.6649999999999996 0.5 2.213 0.001 0.0000004500 0.04 0.023451
6.18 2.06 2.678 0.5 2.213 0.001 0.0000004500 0.04 0.023661
6.209999999999999 2.07 2.691 0.5 2.213 0.001 0.0000004500 0.04 0.023872
6.24 2.08 2.704 0.5 2.213 0.001 0.0000004500 0.04 0.024081
6.27 2.09 2.7169999999999996 0.5 2.213 0.001 0.0000004500 0.04 0.024292
6.299999999999999 2.0999999999999996 2.7299999999999995 0.5 2.213 0.001 0.0000004500 0.04 0.024504
6.33 2.11 2.743 0.5 2.213 0.001 0.0000004500 0.04 0.024716
6.359999999999999 2.1199999999999997 2.7559999999999993 0.5 2.213 0.001 0.0000004500 0.04 0.024929
6.39 2.13 2.7689999999999997 0.5 2.213 0.001 0.0000004500 0.04 0.025143
6.419999999999999 2.1399999999999997 2.7819999999999996 0.5 2.213 0.001 0.0000004500 0.04 0.025357
6.449999999999999 2.15 2.795 0.5 2.213 0.001 0.0000004500 0.04 0.025571
6.479999999999999 2.1599999999999997 2.808 0.5 2.213 0.001 0.0000004500 0.04 0.025786
6.51 2.17 2.8209999999999997 0.5 2.213 0.001 0.0000004500 0.04 0.026001
6.539999999999999 2.1799999999999997 2.8339999999999996 0.5 2.213 0.001 0.0000004500 0.04 0.026216
6.57 2.19 2.847 0.5 2.213 0.001 0.0000004500 0.04 0.026432
6.6 2.1999999999999997 2.8599999999999994 0.5 2.213 0.001 0.0000004500 0.04 0.026647
6.63 2.21 2.8729999999999998 0.5 2.213 0.001 0.0000004500 0.04 0.026863
6.659999999999999 2.2199999999999998 2.8859999999999997 0.5 2.213 0.001 0.0000004500 0.04 0.027078
6.6899999999999995 2.23 2.899 0.5 2.213 0.001 0.0000004500 0.04 0.027292
6.719999999999999 2.2399999999999998 2.912 0.5 2.213 0.001 0.0000004500 0.04 0.027507
6.75 2.25 2.925 0.5 2.213 0.001 0.0000004500 0.04 0.027721
6.779999999999999 2.26 2.9379999999999997 0.5 2.213 0.001 0.0000004500 0.04 0.027935
6.8100000000000005 2.27 2.951 0.5 2.213 0.001 0.0000004500 0.04 0.028148
6.84 2.28 2.9639999999999995 0.5 2.213 0.001 0.0000004500 0.04 0.028360
6.87 2.29 2.977 0.5 2.213 0.001 0.0000004500 0.04 0.028572
6.8999999999999995 2.3 2.9899999999999998 0.5 2.213 0.001 0.0000004500 0.04 0.028783
6.93 2.31 3.003 0.5 2.213 0.001 0.0000004500 0.04 0.028994
6.959999999999999 2.32 3.016 0.5 2.213 0.001 0.0000004500 0.04 0.029204
6.99 2.33 3.029 0.5 2.213 0.001 0.0000004500 0.04 0.029413
7.02 2.34 3.042 0.5 2.213 0.001 0.0000004500 0.04 0.029622
7.050000000000001 2.35 3.055 0.5 2.213 0.001 0.0000004500 0.04 0.029827
7.08 2.36 3.0679999999999996 0.5 2.213 0.001 0.0000004500 0.04 0.030034
7.109999999999999 2.3699999999999997 3.0809999999999995 0.5 2.213 0.001 0.0000004500 0.04 0.030241
7.14 2.38 3.094 0.5 2.213 0.001 0.0000004500 0.04 0.030447
7.169999999999999 2.3899999999999997 3.1069999999999993 0.5 2.213 0.001 0.0000004500 0.04 0.030653
7.199999999999999 2.4 3.12 0.5 2.213 0.001 0.0000004500 0.04 0.030858
7.229999999999999 2.4099999999999997 3.1329999999999996 0.5 2.213 0.001 0.0000004500 0.04 0.031063
7.26 2.42 3.146 0.5 2.213 0.001 0.0000004500 0.04 0.031267
7.289999999999999 2.4299999999999997 3.159 0.5 2.213 0.001 0.0000004500 0.04 0.031471
7.32 2.44 3.1719999999999997 0.5 2.213 0.001 0.0000004500 0.04 0.031674
7.35 2.4499999999999997 3.1849999999999996 0.5 2.213 0.001 0.0000004500 0.04 0.031876
7.38 2.46 3.198 0.5 2.213 0.001 0.0000004500 0.04 0.032078
7.409999999999999 2.4699999999999998 3.2109999999999994 0.5 2.213 0.001 0.0000004500 0.04 0.032280
7.4399999999999995 2.48 3.224 0.5 2.213 0.001 0.0000004500 0.04 0.032480
7.469999999999999 2.4899999999999998 3.2369999999999997 0.5 2.213 0.001 0.0000004500 0.04 0.032681
7.5 2.5 3.25 0.5 2.213 0.001 0.0000004500 0.04 0.032881
7.529999999999999 2.51 3.263 0.5 2.213 0.001 0.0000004500 0.04 0.033080
7.5600000000000005 2.52 3.276 0.5 2.213 0.001 0.0000004500 0.04 0.033278
7.59 2.53 3.2889999999999997 0.5 2.213 0.001 0.0000004500 0.04 0.033476
7.62 2.54 3.302 0.5 2.213 0.001 0.0000004500 0.04 0.033674
7.6499999999999995 2.55 3.3149999999999995 0.5 2.213 0.001 0.0000004500 0.04 0.033871
7.68 2.56 3.3280000000000003 0.5 2.213 0.001 0.0000004500 0.04 0.034067
7.709999999999999 2.57 3.3409999999999997 0.5 2.213 0.001 0.0000004500 0.04 0.034262
7.74 2.58 3.354 0.5 2.213 0.001 0.0000004500 0.04 0.034457
7.77 2.59 3.367 0.5 2.213 0.001 0.0000004500 0.04 0.034652
7.800000000000001 2.6 3.38 0.5 2.213 0.001 0.0000004500 0.04 0.034845
7.83 2.61 3.393 0.5 2.213 0.001 0.0000004500 0.04 0.035038
7.859999999999999 2.6199999999999997 3.4059999999999997 0.5 2.213 0.001 0.0000004500 0.04 0.035231
7.89 2.63 3.4189999999999996 0.5 2.213 0.001 0.0000004500 0.04 0.035422
7.919999999999999 2.6399999999999997 3.4319999999999995 0.5 2.213 0.001 0.0000004500 0.04 0.035613
7.949999999999999 2.65 3.445 0.5 2.213 0.001 0.0000004500 0.04 0.035803
7.979999999999999 2.6599999999999997 3.4579999999999997 0.5 2.213 0.001 0.0000004500 0.04 0.035993
8.01 2.67 3.471 0.5 2.213 0.001 0.0000004500 0.04 0.036182
8.04 2.6799999999999997 3.4839999999999995 0.5 2.213 0.001 0.0000004500 0.04 0.036370
8.07 2.69 3.497 0.5 2.213 0.001 0.0000004500 0.04 0.036557
8.1 2.6999999999999997 3.51 0.5 2.213 0.001 0.0000004500 0.04 0.036743
8.129999999999999 2.71 3.5229999999999997 0.5 2.213 0.001 0.0000004500 0.04 0.036929
8.16 2.7199999999999998 3.5359999999999996 0.5 2.213 0.001 0.0000004500 0.04 0.037113
8.19 2.73 3.549 0.5 2.213 0.001 0.0000004500 0.04 0.037297
8.219999999999999 2.7399999999999998 3.562 0.5 2.213 0.001 0.0000004500 0.04 0.037480
8.25 2.75 3.575 0.5 2.213 0.001 0.0000004500 0.04 0.037662
8.28 2.76 3.5879999999999996 0.5 2.213 0.001 0.0000004500 0.04 0.037843
8.31 2.77 3.601 0.5 2.213 0.001 0.0000004500 0.04 0.038024
8.34 2.78 3.614 0.5 2.213 0.001 0.0000004500 0.04 0.038203
8.370000000000001 2.79 3.627 0.5 2.213 0.001 0.0000004500 0.04 0.038382
8.399999999999999 2.8 3.6399999999999997 0.5 2.213 0.001 0.0000004500 0.04 0.038560
8.43 2.81 3.653 0.5 2.213 0.001 0.0000004500 0.04 0.038737
8.459999999999999 2.82 3.666 0.5 2.213 0.001 0.0000004500 0.04 0.038912
8.49 2.83 3.6790000000000003 0.5 2.213 0.001 0.0000004500 0.04 0.039087
8.52 2.84 3.6919999999999997 0.5 2.213 0.001 0.0000004500 0.04 0.039261
8.55 2.85 3.705 0.5 2.213 0.001 0.0000004500 0.04 0.039435
8.58 2.86 3.718 0.5 2.213 0.001 0.0000004500 0.04 0.039607
8.61 2.8699999999999997 3.7309999999999994 0.5 2.213 0.001 0.0000004500 0.04 0.039778
8.64 2.88 3.7439999999999998 0.5 2.213 0.001 0.0000004500 0.04 0.039949
8.669999999999998 2.8899999999999997 3.7569999999999997 0.5 2.213 0.001 0.0000004500 0.04 0.040118
8.7 2.9 3.77 0.5 2.213 0.001 0.0000004500 0.04 0.040286
8.729999999999999 2.9099999999999997 3.7829999999999995 0.5 2.213 0.001 0.0000004500 0.04 0.040454
8.76 2.92 3.796 0.5 2.213 0.001 0.0000004500 0.04 0.040621
8.79 2.9299999999999997 3.8089999999999997 0.5 2.213 0.001 0.0000004500 0.04 0.040786
8.82 2.94 3.822 0.5 2.213 0.001 0.0000004500 0.04 0.040951
8.85 2.9499999999999997 3.8349999999999995 0.5 2.213 0.001 0.0000004500 0.04 0.041114
8.879999999999999 2.96 3.848 0.5 2.213 0.001 0.0000004500 0.04 0.041277
8.91 2.9699999999999998 3.8609999999999998 0.5 2.213 0.001 0.0000004500 0.04 0.041438
8.94 2.98 3.874 0.5 2.213 0.001 0.0000004500 0.04 0.041599
8.969999999999999 2.9899999999999998 3.8869999999999996 0.5 2.213 0.001 0.0000004500 0.04 0.041758
9.0 3.0 3.9 0.5 2.213 0.001 0.0000004500 0.04 0.041916
9.03 3.01 3.913 0.5 2.213 0.001 0.0000004500 0.04 0.042074
9.06 3.02 3.926 0.5 2.213 0.001 0.0000004500 0.04 0.042230
9.09 3.03 3.9389999999999996 0.5 2.213 0.001 0.0000004500 0.04 0.042385
9.120000000000001 3.04 3.952 0.5 2.213 0.001 0.0000004500 0.04 0.042539
