0.05  0.065  0.15  0.001076
0.06  0.078  0.18  0.001345
0.07  0.091  0.21  0.001622
0.08  0.104  0.24  0.001905
0.09  0.117  0.27  0.002007
0.1  0.13  0.3  0.0019554
0.11  0.143  0.33  0.0021136
0.12  0.156  0.36  0.002298
0.13  0.169  0.39  0.002503
0.14  0.182  0.42  0.002729
0.15  0.195  0.45  0.002943
0.16  0.208  0.48  0.003176
0.17  0.221  0.51  0.003387
0.18  0.234  0.54  0.00365
0.19  0.247  0.57  0.003887
0.2  0.26  0.6  0.0041266
0.21  0.273  0.63  0.00438
0.22  0.286  0.66  0.004635
0.23  0.299  0.69  0.004864
0.24  0.312  0.72  0.00513
0.25  0.325  0.75  0.0054
0.26  0.338  0.78  0.005625
0.27  0.351  0.81  0.0059
0.28  0.364  0.84  0.006156
0.29  0.377  0.87  0.006434
0.3  0.39  0.9  0.00666
0.31  0.403  0.93  0.00696
0.32  0.416  0.96  0.0072
0.33  0.429  0.99  0.00747
0.34  0.442  1.02  0.00772
0.35  0.455  1.05  0.0079
0.36  0.468  1.08  0.0082
0.37  0.481  1.11  0.00848
0.38  0.494  1.14  0.00874
0.39  0.507  1.17  0.00902
0.4  0.52  1.2  0.00927
0.41  0.533  1.23  0.0095
0.42  0.546  1.26  0.00977
0.43  0.559  1.29  0.01
0.44  0.572  1.32  0.0102
0.45  0.585  1.35  0.0105
0.46  0.598  1.38  0.0108
0.47  0.611  1.41  0.011
0.48  0.624  1.44  0.0113
0.49  0.637  1.47  0.01157
0.5  0.65  1.5  0.01182
0.51  0.663  1.53  0.0119
0.52  0.676  1.56  0.012
0.53  0.689  1.59  0.0123
0.54  0.702  1.62  0.0125
0.55  0.715  1.65  0.0128
0.56  0.728  1.68  0.0131
0.57  0.741  1.71  0.0134
0.58  0.754  1.74  0.0137
0.59  0.767  1.77  0.014
0.6  0.78  1.8  0.01435
0.61  0.793  1.83  0.0145
0.62  0.806  1.86  0.0147
0.63  0.819  1.89  0.0152
0.64  0.832  1.92  0.0153
0.65  0.845  1.95  0.0155
0.66  0.858  1.98  0.0158
0.67  0.871  2.01  0.0161
0.68  0.884  2.04  0.0165
0.69  0.897  2.07  0.0167
0.7  0.91  2.1  0.0169
0.71  0.923  2.13  0.0171
0.72  0.936  2.16  0.0171
0.73  0.949  2.19  0.0172
0.74  0.962  2.22  0.0176
0.75  0.975  2.25  0.0179
0.76  0.988  2.28  0.0181
0.77  1.001  2.31  0.0184
0.78  1.014  2.34  0.0187
0.79  1.027  2.37  0.019
0.8  1.04  2.4  0.0195
0.81  1.053  2.43  0.0195
0.82  1.066  2.46  0.0195
0.83  1.079  2.49  0.0195
0.84  1.092  2.52  0.0195
0.85  1.105  2.55  0.0196
0.86  1.118  2.58  0.0197
0.87  1.131  2.61  0.0198
0.88  1.144  2.64  0.02
0.89  1.157  2.67  0.0218
0.9  1.17  2.7  0.02212
0.91  1.183  2.73  0.0223
0.92  1.196  2.76  0.0223
0.93  1.209  2.79  0.0226
0.94  1.222  2.82  0.0229
0.95  1.235  2.85  0.0231
0.96  1.248  2.88  0.0234
0.97  1.261  2.91  0.0236
0.98  1.274  2.94  0.0238
0.99  1.287  2.97  0.024
1    1.3    3   0.02482
2    2.6    6   0.0537
3    3.9    9   0.07113
4    5.2    12   0.0762
5    6.5   15   0.090898
6    7.8   18   0.11
7    9.1   21   0.1302
8    10.4   24   0.1524
9    11.7   27   0.1747
10   13    30   0.1978
