mX1 mX2 mX0 epsilondark
0.1 0.13 0.30000000000000004 0.00927 0.013637
0.10023075482838652 0.13029998127690248 0.30069226448515957 0.00927 0.013662
0.10046204213468127 0.13060065477508565 0.30138612640404383 0.00927 0.013688
0.10069386314760276 0.1309020220918836 0.3020815894428083 0.00927 0.013715
0.10092621909870476 0.1312040848283162 0.3027786572961143 0.00927 0.013742
0.10115911122238297 0.13150684458909787 0.3034773336671489 0.00927 0.013770
0.10139254075588151 0.13181030298264595 0.30417762226764455 0.00927 0.013798
0.10162650893929946 0.1321144616210893 0.30487952681789837 0.00927 0.013827
0.10186101701559758 0.13241932212027685 0.30558305104679273 0.00927 0.013856
0.10209606623060467 0.13272488609978608 0.306288198691814 0.00927 0.013886
0.10233165783302449 0.13303115518293185 0.30699497349907345 0.00927 0.013917
0.10256779307444217 0.13333813099677483 0.30770337922332647 0.00927 0.013948
0.10280447320933092 0.1336458151721302 0.30841341962799274 0.00927 0.013980
0.1030416994950588 0.13395420934357644 0.3091250984851764 0.00927 0.014012
0.10327947319189518 0.1342633151494637 0.30983841957568553 0.00927 0.014045
0.10351779556301763 0.1345731342319229 0.31055338668905286 0.00927 0.014078
0.10375666787451857 0.13488366823687414 0.3112700036235557 0.00927 0.014111
0.10399609139541198 0.13519491881403556 0.3119882741862359 0.00927 0.014145
0.10423606739764017 0.13550688761693222 0.3127082021929205 0.00927 0.014180
0.10447659715608044 0.1358195763029046 0.31342979146824135 0.00927 0.014215
0.10471768194855202 0.13613298653311762 0.31415304584565606 0.00927 0.014250
0.10495932305582274 0.13644711997256956 0.31487796916746824 0.00927 0.014286
0.10520152176161585 0.1367619782901006 0.31560456528484754 0.00927 0.014322
0.1054442793526169 0.13707756315840197 0.3163328380578507 0.00927 0.014359
0.10568759711848043 0.13739387625402455 0.3170627913554413 0.00927 0.014396
0.105931476351837 0.1377109192573881 0.31779442905551103 0.00927 0.014434
0.10617591834829998 0.13802869385278999 0.31852775504489994 0.00927 0.014472
0.10642092440647241 0.13834720172841414 0.3192627732194172 0.00927 0.014510
0.10666649582795393 0.13866644457634011 0.31999948748386176 0.00927 0.014549
0.10691263391734764 0.1389864240925519 0.3207379017520429 0.00927 0.014588
0.10715933998226711 0.13930714197694724 0.3214780199468013 0.00927 0.014628
0.10740661533334331 0.1396285999333463 0.32221984600002995 0.00927 0.014668
0.10765446128423153 0.139950799669501 0.32296338385269463 0.00927 0.014709
0.10790287915161842 0.14027374289710395 0.32370863745485523 0.00927 0.014749
0.10815187025522884 0.14059743133179747 0.3244556107656865 0.00927 0.014791
0.10840143591783309 0.14092186669318302 0.3252043077534993 0.00927 0.014832
0.1086515774652538 0.14124705070482996 0.32595473239576145 0.00927 0.014874
0.108902296226373 0.1415729850942849 0.326706888679119 0.00927 0.014916
0.10915359353313916 0.14189967159308092 0.3274607805994175 0.00927 0.014959
0.10940547072057427 0.14222711193674656 0.3282164121617228 0.00927 0.015002
0.10965792912678099 0.1425553078648153 0.328973787380343 0.00927 0.015046
0.1099109700929497 0.1428842611208346 0.3297329102788491 0.00927 0.015089
0.11016459496336564 0.14321397345237533 0.33049378489009695 0.00927 0.015134
0.11041880508541607 0.14354444661104088 0.3312564152562482 0.00927 0.015178
0.11067360180959737 0.14387568235247658 0.3320208054287921 0.00927 0.015223
0.11092898648952228 0.14420768243637896 0.33278695946856685 0.00927 0.015268
0.11118496048192707 0.14454044862650517 0.3335548814457812 0.00927 0.015314
0.11144152514667878 0.1448739826906824 0.33432457544003635 0.00927 0.015360
0.11169868184678232 0.145208286400817 0.33509604554034694 0.00927 0.015406
0.11195643194838786 0.14554336153290423 0.33586929584516356 0.00927 0.015452
0.11221477682079803 0.14587920986703745 0.33664433046239406 0.00927 0.015499
0.11247371783647517 0.1462158331874177 0.3374211535094255 0.00927 0.015547
0.11273325637104868 0.14655323328236328 0.33819976911314603 0.00927 0.015594
0.11299339380332223 0.1468914119443189 0.33898018140996666 0.00927 0.015642
0.11325413151528117 0.14723037096986552 0.3397623945458435 0.00927 0.015691
0.1135154708920999 0.14757011215972987 0.3405464126762997 0.00927 0.015739
0.1137774133221491 0.14791063731879384 0.34133223996644735 0.00927 0.015788
0.11403996019700328 0.14825194825610427 0.34211988059100984 0.00927 0.015838
0.11430311291144792 0.1485940467848823 0.34290933873434376 0.00927 0.015887
0.11456687286348717 0.14893693472253333 0.3437006185904615 0.00927 0.015937
0.11483124145435111 0.14928061389065644 0.34449372436305337 0.00927 0.015988
0.1150962200885032 0.14962508611505415 0.34528866026550964 0.00927 0.016038
0.11536181017364783 0.14997035322574218 0.3460854305209435 0.00927 0.016089
0.1156280131207376 0.1503164170569589 0.3468840393622128 0.00927 0.016141
0.1158948303439811 0.15066327944717542 0.3476844910319433 0.00927 0.016192
0.11616226326085019 0.15101094223910524 0.34848678978255054 0.00927 0.016244
0.11643031329208765 0.15135940727971395 0.349290939876263 0.00927 0.016297
0.11669898186171472 0.15170867642022914 0.35009694558514415 0.00927 0.016349
0.11696827039703853 0.1520587515161501 0.3509048111911156 0.00927 0.016402
0.11723818032865989 0.15240963442725786 0.35171454098597965 0.00927 0.016455
0.11750871309048075 0.15276132701762496 0.3525261392714423 0.00927 0.016509
0.11777987011971189 0.15311383115562546 0.35333961035913564 0.00927 0.016563
0.11805165285688052 0.15346714871394468 0.35415495857064155 0.00927 0.016617
0.11832406274583786 0.1538212815695892 0.3549721882375136 0.00927 0.016672
0.11859710123376697 0.15417623160389707 0.3557913037013009 0.00927 0.016727
0.11887076977119033 0.15453200070254744 0.356612309313571 0.00927 0.016782
0.1191450698119776 0.15488859075557088 0.3574352094359328 0.00927 0.016837
0.11942000281335322 0.1552460036573592 0.3582600084400597 0.00927 0.016893
0.11969557023590434 0.15560424130667563 0.35908671070771303 0.00927 0.016949
0.11997177354358846 0.155963305606665 0.35991532063076537 0.00927 0.017006
0.12024861420374122 0.1563231984648636 0.36074584261122367 0.00927 0.017063
0.12052609368708427 0.15668392179320956 0.3615782810612528 0.00927 0.017120
0.12080421346773286 0.1570454775080527 0.3624126404031986 0.00927 0.017177
0.121082975023204 0.1574078675301652 0.36324892506961204 0.00927 0.017235
0.12136237983442408 0.1577710937847513 0.3640871395032722 0.00927 0.017293
0.1216424293857368 0.15813515820145785 0.3649272881572104 0.00927 0.017351
0.12192312516491108 0.1585000627143844 0.3657693754947332 0.00927 0.017410
0.12220446866314884 0.15886580926209348 0.36661340598944653 0.00927 0.017469
0.12248646137509314 0.15923239978762108 0.36745938412527945 0.00927 0.017529
0.12276910479883595 0.15959983623848673 0.3683073143965078 0.00927 0.017588
0.12305240043592616 0.159968120566704 0.3691572013077785 0.00927 0.017648
0.1233363497913776 0.16033725472879087 0.3700090493741328 0.00927 0.017709
0.12362095437367689 0.16070724068577996 0.3708628631210307 0.00927 0.017769
0.12390621569479163 0.16107808040322913 0.37171864708437485 0.00927 0.017830
0.12419213527017836 0.16144977585123188 0.3725764058105351 0.00927 0.017891
0.12447871461879062 0.1618223290044278 0.37343614385637186 0.00927 0.017953
0.12476595526308698 0.16219574184201307 0.37429786578926094 0.00927 0.018015
0.1250538587290391 0.1625700163477508 0.3751615761871173 0.00927 0.018077
0.12534242654614 0.162945154509982 0.37602727963842 0.00927 0.018140
0.12563166024741204 0.16332115832163566 0.37689498074223615 0.00927 0.018203
0.1259215613694151 0.16369802978023962 0.37776468410824526 0.00927 0.018266
0.12621213145225474 0.16407577088793115 0.3786363943567642 0.00927 0.018329
0.12650337203959036 0.16445438365146747 0.37951011611877106 0.00927 0.018393
0.12679528467864346 0.1648338700822365 0.3803858540359304 0.00927 0.018458
0.12708787092020585 0.1652142321962676 0.38126361276061754 0.00927 0.018522
0.12738113231864784 0.16559547201424218 0.3821433969559435 0.00927 0.018587
0.12767507043192658 0.16597759156150454 0.3830252112957797 0.00927 0.018652
0.12796968682159413 0.16636059286807237 0.38390906046478235 0.00927 0.018717
0.12826498305280606 0.1667444779686479 0.38479494915841816 0.00927 0.018783
0.12856096069432954 0.1671292489026284 0.3856828820829886 0.00927 0.018849
0.1288576213185518 0.16751490771411734 0.3865728639556554 0.00927 0.018916
0.1291549665014884 0.1679014564519349 0.38746489950446517 0.00927 0.018983
0.12945299782279157 0.16828889716962903 0.3883589934683747 0.00927 0.019050
0.12975171686575876 0.1686772319254864 0.3892551505972763 0.00927 0.019117
0.13005112521734088 0.16906646278254314 0.3901533756520227 0.00927 0.019185
0.1303512244681509 0.16945659180859615 0.3910536734044527 0.00927 0.019253
0.13065201621247213 0.16984762107621376 0.3919560486374164 0.00927 0.019321
0.13095350204826672 0.17023955266274673 0.39286050614480017 0.00927 0.019390
0.13125568357718434 0.17063238865033964 0.39376705073155305 0.00927 0.019459
0.13155856240457042 0.17102613112594156 0.39467568721371127 0.00927 0.019529
0.13186214013947484 0.1714207821813173 0.3955864204184245 0.00927 0.019598
0.1321664183946605 0.17181634391305867 0.39649925518398155 0.00927 0.019668
0.1324713987866117 0.17221281842259523 0.3974141963598351 0.00927 0.019739
0.13277708293554297 0.17261020781620584 0.3983312488066289 0.00927 0.019810
0.1330834724654075 0.17300851420502975 0.39925041739622247 0.00927 0.019881
0.13339056900390586 0.1734077397050776 0.40017170701171756 0.00927 0.019952
0.13369837418249467 0.17380788643724307 0.40109512254748403 0.00927 0.020024
0.13400688963639504 0.17420895652731355 0.4020206689091851 0.00927 0.020096
0.1343161170046016 0.1746109521059821 0.40294835101380483 0.00927 0.020168
0.134626057929891 0.17501387530885829 0.40387817378967295 0.00927 0.020241
0.13493671405883065 0.17541772827647983 0.4048101421764919 0.00927 0.020314
0.13524808704178753 0.1758225131543238 0.4057442611253626 0.00927 0.020387
0.13556017853293686 0.17622823209281793 0.40668053559881057 0.00927 0.020461
0.135872990190271 0.1766348872473523 0.407618970570813 0.00927 0.020535
0.13618652367560818 0.17704248077829063 0.40855957102682455 0.00927 0.020610
0.1365007806546014 0.1774510148509818 0.4095023419638042 0.00927 0.020685
0.1368157627967472 0.17786049163577136 0.4104472883902416 0.00927 0.020760
0.13713147177539453 0.1782709133080129 0.4113944153261836 0.00927 0.020835
0.13744790926775374 0.17868228204807987 0.41234372780326123 0.00927 0.020911
0.1377650769549054 0.179094600041377 0.4132952308647162 0.00927 0.020987
0.13808297652180923 0.179507869478352 0.4142489295654277 0.00927 0.021064
0.13840160965731316 0.1799220925545071 0.41520482897193944 0.00927 0.021141
0.13872097805416206 0.18033727147041068 0.4161629341624862 0.00927 0.021218
0.13904108340900703 0.18075340843170914 0.4171232502270211 0.00927 0.021295
0.13936192742241424 0.1811705056491385 0.4180857822672427 0.00927 0.021373
0.13968351179887398 0.18158856533853618 0.41905053539662196 0.00927 0.021451
0.14000583824680976 0.18200758972085268 0.42001751474042925 0.00927 0.021530
0.14032890847858728 0.18242758102216347 0.4209867254357619 0.00927 0.021609
0.14065272421052372 0.18284854147368082 0.42195817263157115 0.00927 0.021688
0.14097728716289665 0.18327047331176563 0.42293186148868994 0.00927 0.021768
0.14130259905995338 0.1836933787779394 0.42390779717986016 0.00927 0.021848
0.14162866162991988 0.18411726011889584 0.42488598488975965 0.00927 0.021928
0.14195547660501012 0.18454211958651315 0.42586642981503037 0.00927 0.022009
0.14228304572143527 0.18496795943786584 0.42684913716430584 0.00927 0.022090
0.14261137071941288 0.18539478193523673 0.42783411215823863 0.00927 0.022172
0.1429404533431761 0.1858225893461289 0.4288213600295283 0.00927 0.022254
0.1432702953409831 0.18625138394327803 0.42981088602294926 0.00927 0.022336
0.14360089846512603 0.18668116800466383 0.4308026953953781 0.00927 0.022418
0.1439322644719407 0.18711194381352292 0.4317967934158221 0.00927 0.022501
0.14426439512181577 0.1875437136583605 0.4327931853654473 0.00927 0.022584
0.14459729217920195 0.18797647983296253 0.43379187653760587 0.00927 0.022668
0.14493095741262166 0.18841024463640815 0.434792872237865 0.00927 0.022752
0.14526539259467808 0.1888450103730815 0.43579617778403423 0.00927 0.022836
0.14560059950206494 0.18928077935268442 0.4368017985061948 0.00927 0.022921
0.14593657991557565 0.18971755389024836 0.437809739746727 0.00927 0.023006
0.146273335620113 0.1901553363061469 0.43882000686033895 0.00927 0.023092
0.14661086840469845 0.19059412892610797 0.43983260521409534 0.00927 0.023178
0.1469491800624817 0.1910339340812262 0.4408475401874451 0.00927 0.023264
0.14728827239075026 0.19147475410797535 0.4418648171722508 0.00927 0.023350
0.147628147190939 0.1919165913482207 0.44288444157281703 0.00927 0.023437
0.14796880626863962 0.1923594481492315 0.44390641880591886 0.00927 0.023504
0.14831025143361043 0.19280332686369356 0.4449307543008313 0.00927 0.023591
0.1486524844997857 0.1932482298497214 0.44595745349935706 0.00927 0.023679
0.14899550728528543 0.19369415947087107 0.4469865218558563 0.00927 0.023768
0.14933932161242522 0.19414111809615278 0.44801796483727563 0.00927 0.023857
0.14968392930772556 0.19458910810004323 0.4490517879231767 0.00927 0.023946
0.15002933220192183 0.19503813186249838 0.4500879966057655 0.00927 0.024035
0.15037553212997382 0.19548819176896595 0.4511265963899215 0.00927 0.024125
0.15072253093107563 0.1959392902103983 0.4521675927932269 0.00927 0.024216
0.15107033044866544 0.19639142958326508 0.4532109913459963 0.00927 0.024306
0.1514189325304352 0.19684461228956576 0.4542567975913056 0.00927 0.024398
0.15176833902834053 0.19729884073684267 0.4553050170850216 0.00927 0.024489
0.15211855179861045 0.1977541173381936 0.45635565539583134 0.00927 0.024581
0.15246957270175737 0.1982104445122846 0.4574087181052721 0.00927 0.024673
0.152821403602587 0.1986678246833631 0.458464210807761 0.00927 0.024766
0.15317404637020798 0.19912626028127037 0.45952213911062395 0.00927 0.024859
0.15352750287804226 0.19958575374145493 0.46058250863412675 0.00927 0.024953
0.1538817750038346 0.20004630750498498 0.4616453250115038 0.00927 0.025047
0.15423686462966282 0.20050792401856166 0.4627105938889885 0.00927 0.025141
0.15459277364194776 0.2009706057345321 0.46377832092584326 0.00927 0.025235
0.15494950393146317 0.20143435511090213 0.4648485117943895 0.00927 0.025331
0.155307057393346 0.2018991746113498 0.465921172180038 0.00927 0.025426
0.15566543592710616 0.20236506670523802 0.4669963077813185 0.00927 0.025522
0.15602464143663689 0.20283203386762794 0.4680739243099107 0.00927 0.025618
0.1563846758302247 0.2033000785792921 0.4691540274906741 0.00927 0.025715
0.1567455410205595 0.20376920332672732 0.47023662306167846 0.00927 0.025812
0.15710723892474504 0.20423941060216855 0.4713217167742351 0.00927 0.025909
0.15746977146430863 0.20471070290360122 0.4724093143929259 0.00927 0.026007
0.15783314056521172 0.20518308273477523 0.4734994216956352 0.00927 0.026106
0.15819734815786007 0.2056565526052181 0.4745920444735802 0.00927 0.026204
0.1585623961771137 0.2061311150302478 0.4756871885313411 0.00927 0.026304
0.1589282865622978 0.20660677253098714 0.4767848596868934 0.00927 0.026403
0.15929502125721226 0.20708352763437593 0.47788506377163675 0.00927 0.026503
0.15966260221014258 0.20756138287318537 0.4789878066304277 0.00927 0.026604
0.1600310313738701 0.20804034078603112 0.4800930941216103 0.00927 0.026704
0.16040031070568203 0.20852040391738663 0.48120093211704607 0.00927 0.026806
0.16077044216738237 0.20900157481759707 0.48231132650214714 0.00927 0.026907
0.16114142772530193 0.20948385604289252 0.4834242831759058 0.00927 0.027009
0.16151326935030905 0.20996725015540177 0.4845398080509271 0.00927 0.027112
0.16188596901781985 0.2104517597231658 0.48565790705345957 0.00927 0.027215
0.16225952870780874 0.21093738732015135 0.4867785861234262 0.00927 0.027318
0.16263395040481923 0.211424135526265 0.4879018512144577 0.00927 0.027422
0.16300923609797408 0.21191200692736628 0.4890277082939222 0.00927 0.027526
0.16338538778098613 0.21240100411528196 0.4901561633429584 0.00927 0.027631
0.1637624074521688 0.21289112968781942 0.4912872223565064 0.00927 0.027736
0.1641402971144467 0.2133823862487807 0.4924208913433401 0.00927 0.027842
0.16451905877536624 0.2138747764079761 0.49355717632609875 0.00927 0.027948
0.16489869444710645 0.2143683027812384 0.4946960833413193 0.00927 0.028054
0.16527920614648947 0.2148629679904363 0.4958376184394684 0.00927 0.028161
0.16566059589499144 0.21535877466348885 0.4969817876849743 0.00927 0.028268
0.166042865718753 0.21585572543437892 0.498128597156259 0.00927 0.028376
0.16642601764859036 0.21635382294316746 0.4992780529457711 0.00927 0.028484
0.16681005372000587 0.21685306983600763 0.5004301611600176 0.00927 0.028593
0.16719497597319893 0.2173534687651586 0.5015849279195967 0.00927 0.028702
0.16758078645307678 0.2178550223889998 0.5027423593592304 0.00927 0.028811
0.16796748720926535 0.21835773337204495 0.5039024616277961 0.00927 0.028921
0.16835508029612023 0.2188616043849563 0.5050652408883607 0.00927 0.029032
0.16874356777273752 0.21936663810455878 0.5062307033182125 0.00927 0.029143
0.1691329517029648 0.21987283721385426 0.5073988551088944 0.00927 0.029254
0.16952323415541204 0.22038020440203565 0.5085697024662361 0.00927 0.029366
0.16991441720346265 0.22088874236450146 0.5097432516103879 0.00927 0.029478
0.17030650292528443 0.22139845380286977 0.5109195087758533 0.00927 0.029591
0.17069949340384075 0.22190934142499297 0.5120984802115223 0.00927 0.029704
0.17109339072690144 0.22242140794497187 0.5132801721807043 0.00927 0.029817
0.171488196987054 0.2229346560831702 0.514464590961162 0.00927 0.029932
0.1718839142817146 0.22344908856622897 0.5156517428451438 0.00927 0.030046
0.1722805447131394 0.2239647081270812 0.5168416341394182 0.00927 0.030161
0.17267809038843554 0.2244815175049662 0.5180342711653066 0.00927 0.030277
0.17307655341957248 0.22499951944544422 0.5192296602587174 0.00927 0.030393
0.17347593592339317 0.22551871670041113 0.5204278077701795 0.00927 0.030509
0.17387624002162508 0.2260391120281126 0.5216287200648753 0.00927 0.030626
0.1742774678408919 0.2265607081931595 0.5228324035226757 0.00927 0.030743
0.17467962151272454 0.2270835079665419 0.5240388645381736 0.00927 0.030861
0.1750827031735724 0.22760751412564414 0.5252481095207172 0.00927 0.030980
0.1754867149648151 0.22813272945425964 0.5264601448944453 0.00927 0.031098
0.17589165903277332 0.2286591567426053 0.52767497709832 0.00927 0.031218
0.17629753752872057 0.22918679878733675 0.5288926125861617 0.00927 0.031338
0.1767043526088946 0.229715658391563 0.5301130578266838 0.00927 0.031458
0.17711210643450878 0.23024573836486142 0.5313363193035263 0.00927 0.031579
0.1775208011717635 0.23077704152329254 0.5325624035152905 0.00927 0.031700
0.1779304389918578 0.23130957068941513 0.5337913169755734 0.00927 0.031822
0.1783410220710008 0.23184332869230104 0.5350230662130024 0.00927 0.031944
0.1787525525904235 0.23237831836755055 0.5362576577712705 0.00927 0.032067
0.17916503273639003 0.23291454255730704 0.5374950982091701 0.00927 0.032190
0.17957846470020958 0.23345200411027245 0.5387353941006288 0.00927 0.032314
0.1799928506782477 0.233990705881722 0.5399785520347431 0.00927 0.032438
0.18040819287193827 0.23453065073351975 0.5412245786158147 0.00927 0.032563
0.18082449348779514 0.23507184153413369 0.5424734804633854 0.00927 0.032688
0.18124175473742368 0.2356142811586508 0.5437252642122711 0.00927 0.032814
0.18165997883753277 0.23615797248879258 0.5449799365125982 0.00927 0.032940
0.18207916800994628 0.23670291841293017 0.5462375040298388 0.00927 0.033067
0.18249932448161524 0.2372491218260998 0.5474979734448457 0.00927 0.033194
0.18292045048462932 0.23779658563001813 0.5487613514538879 0.00927 0.033322
0.18334254825622898 0.23834531273309767 0.5500276447686869 0.00927 0.033450
0.18376562003881713 0.23889530605046227 0.5512968601164514 0.00927 0.033579
0.18418966807997114 0.23944656850396248 0.5525690042399134 0.00927 0.033708
0.18461469463245475 0.23999910302219118 0.5538440838973643 0.00927 0.033838
0.18504070195423017 0.2405529125404992 0.5551221058626905 0.00927 0.033968
0.18546769230846985 0.2411080000010108 0.5564030769254096 0.00927 0.034099
0.18589566796356874 0.24166436835263935 0.5576870038907062 0.00927 0.034230
0.18632463119315604 0.24222202055110284 0.5589738935794681 0.00927 0.034362
0.1867545842761076 0.24278095955893989 0.5602637528283229 0.00927 0.034495
0.18718552949655787 0.24334118834552523 0.5615565884896736 0.00927 0.034628
0.18761746914391206 0.24390270988708568 0.5628524074317361 0.00927 0.034761
0.18805040551285826 0.24446552716671574 0.5641512165385748 0.00927 0.034895
0.1884843409033796 0.24502964317439346 0.5654530227101388 0.00927 0.035030
0.18891927762076663 0.24559506090699662 0.5667578328622999 0.00927 0.035165
0.18935521797562951 0.24616178336831837 0.5680656539268886 0.00927 0.035301
0.18979216428391005 0.24672981356908305 0.5693764928517302 0.00927 0.035437
0.19023011886689448 0.24729915452696283 0.5706903566006835 0.00927 0.035574
0.19066908405122523 0.2478698092665928 0.5720072521536756 0.00927 0.035711
0.1911090621689138 0.24844178081958793 0.5733271865067414 0.00927 0.035849
0.1915500555573528 0.24901507222455865 0.5746501666720584 0.00927 0.035987
0.19199206655932838 0.24958968652712687 0.5759761996779851 0.00927 0.036126
0.19243509752303312 0.25016562677994303 0.5773052925690993 0.00927 0.036265
0.19287915080207782 0.25074289604270117 0.5786374524062334 0.00927 0.036405
0.19332422875550453 0.2513214973821559 0.5799726862665135 0.00927 0.036546
0.1937703337477989 0.2519014338721386 0.5813110012433966 0.00927 0.036687
0.19421746814890253 0.2524827085935733 0.5826524044467076 0.00927 0.036829
0.19466563433422623 0.2530653246344941 0.5839969030026787 0.00927 0.036971
0.19511483468466168 0.2536492850900602 0.5853445040539851 0.00927 0.037114
0.19556507158659492 0.2542345930625734 0.5866952147597848 0.00927 0.037257
0.19601634743191856 0.2548212516614941 0.5880490422957557 0.00927 0.037401
0.19646866461804455 0.2554092640034579 0.5894059938541336 0.00927 0.037546
0.19692202554791724 0.25599863321229244 0.5907660766437517 0.00927 0.037691
0.19737643263002558 0.25658936241903324 0.5921292978900767 0.00927 0.037837
0.19783188827841644 0.2571814547619414 0.5934956648352493 0.00927 0.037983
0.19828839491270714 0.25777491338651926 0.5948651847381214 0.00927 0.038130
0.19874595495809827 0.25836974144552777 0.5962378648742948 0.00927 0.038277
0.19920457084538704 0.25896594209900314 0.5976137125361611 0.00927 0.038425
0.1996642450109794 0.25956351851427323 0.5989927350329383 0.00927 0.038574
0.2001249798969037 0.2601624738659748 0.6003749396907111 0.00927 0.038723
0.2005867779508234 0.2607628113360704 0.6017603338524702 0.00927 0.038873
0.2010496416260498 0.26136453411386473 0.6031489248781494 0.00927 0.039023
0.20151357338155576 0.26196764539602246 0.6045407201446673 0.00927 0.039174
0.20197857568198788 0.2625721483865842 0.6059357270459637 0.00927 0.039325
0.2024446509976804 0.2631780462969845 0.6073339529930412 0.00927 0.039478
0.2029118018046678 0.26378534234606815 0.6087354054140034 0.00927 0.039630
0.2033800305846981 0.26439403976010756 0.6101400917540943 0.00927 0.039784
0.2038493398252463 0.26500414177282017 0.6115480194757389 0.00927 0.039938
0.2043197320195271 0.26561565162538525 0.6129591960585813 0.00927 0.040092
0.20479120966650854 0.2662285725664611 0.6143736289995256 0.00927 0.040247
0.2052637752709252 0.26684290785220277 0.6157913258127756 0.00927 0.040403
0.20573743134329125 0.2674586607462786 0.6172122940298738 0.00927 0.040559
0.20621218039991435 0.26807583451988864 0.618636541199743 0.00927 0.040716
0.20668802496290825 0.2686944324517807 0.6200640748887247 0.00927 0.040874
0.2071649675602069 0.26931445782826896 0.6214949026806207 0.00927 0.041032
0.20764301072557748 0.2699359139432507 0.6229290321767325 0.00927 0.041191
0.20812215699863382 0.27055880409822397 0.6243664709959015 0.00927 0.041350
0.20860240892485038 0.2711831316023055 0.6258072267745511 0.00927 0.041510
0.20908376905557505 0.27180889977224754 0.6272513071667252 0.00927 0.041671
0.2095662399480433 0.2724361119324563 0.6286987198441298 0.00927 0.041832
0.21004982416539153 0.27306477141500896 0.6301494724961746 0.00927 0.041994
0.2105345242766705 0.27369488155967164 0.6316035728300115 0.00927 0.042156
0.21102034285685956 0.2743264457139174 0.6330610285705787 0.00927 0.042319
0.21150728248687953 0.2749594672329434 0.6345218474606386 0.00927 0.042483
0.2119953457536071 0.27559394947968924 0.6359860372608213 0.00927 0.042647
0.21248453524988828 0.27622989582485474 0.6374536057496648 0.00927 0.042813
0.212974853574552 0.27686730964691764 0.638924560723656 0.00927 0.042978
0.21346630333242445 0.2775061943321518 0.6403989099972733 0.00927 0.043145
0.21395888713434222 0.2781465532746449 0.6418766614030267 0.00927 0.043311
0.21445260759716675 0.27878838987631677 0.6433578227915002 0.00927 0.043479
0.21494746734379805 0.27943170754693747 0.6448424020313941 0.00927 0.043647
0.21544346900318834 0.2800765097041448 0.646330407009565 0.00927 0.043816
0.21594061521035665 0.28072279977346365 0.6478218456310699 0.00927 0.043986
0.21643890860640208 0.2813705811883227 0.6493167258192063 0.00927 0.044156
0.21693835183851842 0.28201985739007396 0.6508150555155553 0.00927 0.044327
0.217438947560008 0.2826706318280104 0.652316842680024 0.00927 0.044498
0.21794069843029548 0.28332290795938414 0.6538220952908864 0.00927 0.044671
0.21844360711494273 0.28397668924942554 0.6553308213448282 0.00927 0.044844
0.2189476762856621 0.28463197917136074 0.6568430288569863 0.00927 0.045017
0.21945290862033137 0.28528878120643075 0.6583587258609941 0.00927 0.045191
0.2199593068030075 0.28594709884390973 0.6598779204090225 0.00927 0.045366
0.22046687352394087 0.28660693558112316 0.6614006205718226 0.00927 0.045542
0.22097561147959022 0.2872682949234673 0.6629268344387707 0.00927 0.045718
0.221485523372636 0.2879311803844268 0.6644565701179079 0.00927 0.045895
0.2219966119119955 0.2885955954855941 0.6659898357359865 0.00927 0.046072
0.22250887981283693 0.289261543756688 0.6675266394385108 0.00927 0.046251
0.22302232979659375 0.28992902873557186 0.6690669893897813 0.00927 0.046430
0.22353696459097955 0.29059805396827343 0.6706108937729387 0.00927 0.046609
0.22405278693000188 0.29126862300900247 0.6721583607900057 0.00927 0.046790
0.2245697995539774 0.2919407394201706 0.6737093986619322 0.00927 0.046971
0.22508800520954617 0.29261440677241 0.6752640156286385 0.00927 0.047152
0.22560740664968604 0.29328962864459185 0.6768222199490581 0.00927 0.047335
0.22612800663372784 0.2939664086238462 0.6783840199011835 0.00927 0.047518
0.22664980792736933 0.2946447503055801 0.679949423782108 0.00927 0.047702
0.2271728133026905 0.29532465729349766 0.6815184399080716 0.00927 0.047886
0.227697025538168 0.29600613319961844 0.683091076614504 0.00927 0.048071
0.22822244741868974 0.2966891816442967 0.6846673422560692 0.00927 0.048257
0.2287490817355703 0.2973738062562414 0.6862472452067109 0.00927 0.048444
0.22927693128656493 0.2980600106725344 0.6878307938596948 0.00927 0.048631
0.2298059988758851 0.29874779853865063 0.6894179966276552 0.00927 0.048819
0.23033628731421313 0.2994371735084771 0.6910088619426393 0.00927 0.049008
0.23086779941871685 0.3001281392443319 0.6926033982561506 0.00927 0.049197
0.2314005380130653 0.30082069941698486 0.6942016140391959 0.00927 0.049387
0.2319345059274428 0.30151485770567565 0.6958035177823284 0.00927 0.049578
0.23246970599856479 0.3022106177981342 0.6974091179956944 0.00927 0.049770
0.23300614106969247 0.3029079833906002 0.6990184232090775 0.00927 0.049962
0.23354381399064789 0.3036069581878422 0.7006314419719437 0.00927 0.050155
0.2340827276178293 0.3043075459031781 0.7022481828534879 0.00927 0.050349
0.2346228848142263 0.3050097502584942 0.7038686544426789 0.00927 0.050543
0.23516428844943485 0.3057135749842653 0.7054928653483046 0.00927 0.050738
0.23570694139967277 0.3064190238195746 0.7071208241990183 0.00927 0.050934
0.23625084654779469 0.30712610051213307 0.708752539643384 0.00927 0.051131
0.23679600678330776 0.30783480881830005 0.7103880203499233 0.00927 0.051328
0.23734242500238667 0.30854515250310266 0.71202727500716 0.00927 0.051526
0.23789010410788933 0.3092571353402561 0.713670312323668 0.00927 0.051725
0.23843904700937205 0.3099707611121837 0.7153171410281162 0.00927 0.051925
0.23898925662310497 0.31068603361003644 0.7169677698693149 0.00927 0.052125
0.23954073587208782 0.3114029566337142 0.7186222076162635 0.00927 0.052326
0.24009348768606525 0.3121215339918848 0.7202804630581958 0.00927 0.052528
0.2406475150015424 0.31284176950200515 0.7219425450046273 0.00927 0.052731
0.2412028207618007 0.3135636669903409 0.7236084622854021 0.00927 0.052934
0.24175940791691303 0.3142872302919869 0.7252782237507391 0.00927 0.053138
0.24231727942375994 0.31501246325088794 0.7269518382712798 0.00927 0.053343
0.2428764382460451 0.3157393697198586 0.7286293147381353 0.00927 0.053549
0.24343688735431104 0.31646795356060436 0.7303106620629332 0.00927 0.053755
0.243998629725955 0.31719821864374154 0.7319958891778651 0.00927 0.053962
0.2445616683452446 0.317930168848818 0.7336850050357338 0.00927 0.054170
0.24512600620333386 0.31866380806433403 0.7353780186100016 0.00927 0.054379
0.24569164629827908 0.31939914018776283 0.7370749388948372 0.00927 0.054589
0.24625859163505467 0.3201361691255711 0.738775774905164 0.00927 0.054799
0.24682684522556925 0.32087489879324005 0.7404805356767077 0.00927 0.055010
0.24739641008868135 0.3216153331152858 0.742189230266044 0.00927 0.055222
0.24796728925021588 0.32235747602528064 0.7439018677506477 0.00927 0.055435
0.2485394857429799 0.3231013314658739 0.7456184572289397 0.00927 0.055648
0.24911300260677885 0.3238469033888125 0.7473390078203366 0.00927 0.055863
0.24968784288843268 0.3245941957549625 0.749063528665298 0.00927 0.056078
0.25026400964179185 0.3253432125343294 0.7507920289253756 0.00927 0.056293
0.250841505927754 0.3260939577060802 0.752524517783262 0.00927 0.056510
0.2514203348142797 0.3268464352585636 0.7542610044428392 0.00927 0.056727
0.2520004993764092 0.32760064918933196 0.7560014981292277 0.00927 0.056946
0.25258200269627845 0.328356603505162 0.7577460080888354 0.00927 0.057165
0.2531648478631355 0.3291143022220761 0.7594945435894065 0.00927 0.057385
0.253749037973357 0.3298737493653641 0.761247113920071 0.00927 0.057605
0.25433457613046495 0.33063494896960444 0.7630037283913949 0.00927 0.057827
0.2549214654451423 0.33139790507868505 0.7647643963354269 0.00927 0.058049
0.2555097090352507 0.33216262174582595 0.7665291271057522 0.00927 0.058272
0.25609931002584585 0.33292910303359957 0.7682979300775375 0.00927 0.058496
0.25669027154919505 0.33369735301395353 0.7700708146475852 0.00927 0.058721
0.25728259674479337 0.3344673757682314 0.7718477902343801 0.00927 0.058946
0.25787628875938007 0.33523917538719405 0.7736288662781402 0.00927 0.059172
0.2584713507469564 0.3360127559710433 0.7754140522408691 0.00927 0.059400
0.2590677858688008 0.33678812162944105 0.7772033576064024 0.00927 0.059628
0.2596655972934871 0.3375652764815332 0.7789967918804612 0.00927 0.059856
0.2602647881969006 0.33834422465597075 0.7807943645907017 0.00927 0.060086
0.2608653617622548 0.3391249702909312 0.7825960852867644 0.00927 0.060316
0.26146732118010924 0.339907517534142 0.7844019635403277 0.00927 0.060548
0.26207066964838516 0.34069187054290073 0.7862120089451554 0.00927 0.060780
0.2626754103723837 0.3414780334840988 0.7880262311171511 0.00927 0.061013
0.2632815465648021 0.34226601053424277 0.7898446396944063 0.00927 0.061246
0.263889081445751 0.3430558058794763 0.791667244337253 0.00927 0.061481
0.26449801824277197 0.34384742371560356 0.7934940547283159 0.00927 0.061716
0.2651083601908538 0.34464086824810997 0.7953250805725615 0.00927 0.061953
0.26572011053245054 0.34543614369218567 0.7971603315973517 0.00927 0.062190
0.2663332725174982 0.3462332542727477 0.7989998175524946 0.00927 0.062428
0.2669478494034321 0.3470322042244617 0.8008435482102962 0.00927 0.062667
0.26756384445520454 0.3478329977917659 0.8026915333656136 0.00927 0.062907
0.2681812609453015 0.3486356392288919 0.8045437828359044 0.00927 0.063147
0.2688001021537606 0.3494401327998888 0.8064003064612818 0.00927 0.063389
0.26942037136818836 0.3502464827786449 0.808261114104565 0.00927 0.063631
0.27004207188377727 0.35105469344891044 0.8101262156513318 0.00927 0.063874
0.27066520700332414 0.3518647691043214 0.8119956210099724 0.00927 0.064118
0.27128978003724663 0.3526767140484206 0.8138693401117398 0.00927 0.064363
0.27191579430360174 0.35349053259468227 0.8157473829108053 0.00927 0.064609
0.2725432531281029 0.35430622906653375 0.8176297593843087 0.00927 0.064856
0.2731721598441376 0.3551238077973789 0.8195164795324128 0.00927 0.065103
0.27380251779278575 0.35594327313062146 0.8214075533783572 0.00927 0.065352
0.2744343303228365 0.35676462941968745 0.8233029909685095 0.00927 0.065601
0.2750676007908066 0.3575878810280486 0.8252028023724198 0.00927 0.065851
0.2757023325609584 0.35841303232924593 0.8271069976828751 0.00927 0.066102
0.27633852900531697 0.35924008770691207 0.8290155870159509 0.00927 0.066354
0.27697619350368907 0.3600690515547958 0.8309285805110672 0.00927 0.066607
0.27761532944368 0.360899928276784 0.83284598833104 0.00927 0.066861
0.2782559402207124 0.36173272228692616 0.8347678206621373 0.00927 0.067116
0.2788980292380441 0.3625674380094573 0.8366940877141322 0.00927 0.067372
0.2795415999067856 0.3634040798788213 0.8386247997203569 0.00927 0.067628
0.28018665564591955 0.36424265233969544 0.8405599669377586 0.00927 0.067886
0.2808331998823172 0.36508315984701234 0.8424995996469515 0.00927 0.068144
0.281481236050758 0.36592560686598535 0.844443708152274 0.00927 0.068403
0.28213076759394723 0.3667699978721314 0.8463923027818416 0.00927 0.068663
0.2827817979625341 0.36761633735129434 0.8483453938876023 0.00927 0.068925
0.2834343306151309 0.36846462979967015 0.8503029918453927 0.00927 0.069187
0.28408836901833034 0.3693148797238294 0.852265107054991 0.00927 0.069449
0.2847439166467246 0.37016709164074196 0.8542317499401738 0.00927 0.069713
0.2854009769829239 0.37102127007780106 0.8562029309487716 0.00927 0.069978
0.28605955351757417 0.3718774195728464 0.8581786605527225 0.00927 0.070244
0.28671964974937697 0.37273554467419007 0.860158949248131 0.00927 0.070510
0.28738126918510654 0.3735956499406385 0.8621438075553196 0.00927 0.070778
0.28804441533962966 0.37445773994151854 0.864133246018889 0.00927 0.071046
0.28870909173592363 0.3753218192567007 0.8661272752077709 0.00927 0.071316
0.28937530190509503 0.37618789247662354 0.868125905715285 0.00927 0.071586
0.2900430493863992 0.37705596420231896 0.8701291481591975 0.00927 0.071857
0.29071233772725774 0.3779260390454351 0.8721370131817732 0.00927 0.072129
0.2913831704832787 0.3787981216282623 0.8741495114498361 0.00927 0.072403
0.29205555121827464 0.37967221658375705 0.8761666536548239 0.00927 0.072677
0.2927294835042816 0.38054832855556603 0.8781884505128448 0.00927 0.072952
0.2934049709215787 0.3814264621980523 0.8802149127647361 0.00927 0.073227
0.2940820170587063 0.38230662217631817 0.8822460511761189 0.00927 0.073504
0.2947606255124857 0.38318881316623143 0.8842818765374572 0.00927 0.073782
0.2954407998880381 0.38407303985444957 0.8863223996641143 0.00927 0.074061
0.29612254379880343 0.38495930693844443 0.8883676313964103 0.00927 0.074341
0.29680586086656024 0.3858476191265283 0.8904175825996807 0.00927 0.074621
0.297490754721444 0.38673798113787716 0.8924722641643319 0.00927 0.074903
0.2981772290019672 0.38763039770255736 0.8945316870059016 0.00927 0.075186
0.2988652873550384 0.38852487356154997 0.8965958620651153 0.00927 0.075469
0.29955493343598133 0.3894214134667757 0.898664800307944 0.00927 0.075754
0.30024617090855493 0.3903200221811214 0.9007385127256649 0.00927 0.076039
0.30093900344497204 0.39122070447846363 0.9028170103349161 0.00927 0.076326
0.3016334347259196 0.39212346514369545 0.9049003041777588 0.00927 0.076613
0.3023294684405778 0.3930283089727511 0.9069884053217334 0.00927 0.076901
0.30302710828663965 0.39393524077263153 0.909081324859919 0.00927 0.077191
0.30372635797033115 0.39484426536143047 0.9111790739109935 0.00927 0.077481
0.3044272212064302 0.3957553875683592 0.9132816636192905 0.00927 0.077772
0.3051297017182869 0.396668612233773 0.9153891051548607 0.00927 0.078065
0.3058338032378433 0.3975839442091963 0.9175014097135299 0.00927 0.078358
0.30653952950565266 0.39850138835734844 0.919618588516958 0.00927 0.078653
0.30724688427090036 0.39942094955217045 0.921740652812701 0.00927 0.078948
0.3079558712914226 0.4003426326788494 0.9238676138742679 0.00927 0.079245
0.3086664943337273 0.4012664426338455 0.9259994830011818 0.00927 0.079542
0.30937875717301383 0.402192384324918 0.9281362715190415 0.00927 0.079840
0.31009266359319265 0.4031204626711504 0.930277990779578 0.00927 0.080140
0.3108082173869064 0.40405068260297833 0.9324246521607191 0.00927 0.080440
0.3115254223555487 0.4049830490622133 0.9345762670666461 0.00927 0.080742
0.31224428230928564 0.4059175670020713 0.9367328469278569 0.00927 0.081045
0.3129648010670752 0.4068542413871977 0.9388944032012256 0.00927 0.081348
0.31368698245668775 0.40779307719369406 0.9410609473700633 0.00927 0.081653
0.3144108303147265 0.4087340794091444 0.9432324909441795 0.00927 0.081958
0.31513634848664784 0.4096772530326422 0.9454090454599435 0.00927 0.082265
0.31586354082678175 0.4106226030748163 0.9475906224803452 0.00927 0.082572
0.31659241119835224 0.4115701345578579 0.9497772335950567 0.00927 0.082881
0.3173229634734977 0.412519852515547 0.951968890420493 0.00927 0.083191
0.318055201533292 0.41347176199327956 0.9541656045998759 0.00927 0.083501
0.3187891292677645 0.41442586804809384 0.9563673878032934 0.00927 0.083813
0.31952475057592117 0.4153821757486975 0.9585742517277636 0.00927 0.084126
0.3202620693657652 0.41634069017549474 0.9607862080972955 0.00927 0.084440
0.3210010895543172 0.41730141642061236 0.9630032686629517 0.00927 0.084755
0.32174181506763716 0.4182643595879283 0.9652254452029114 0.00927 0.085070
0.3224842498408441 0.41922952479309733 0.9674527495225324 0.00927 0.085387
0.3232283978181379 0.42019691716357926 0.9696851934544137 0.00927 0.085705
0.3239742629528197 0.42116654183866564 0.9719227888584592 0.00927 0.086024
0.32472184920731295 0.42213840396950686 0.9741655476219389 0.00927 0.086344
0.3254711605531848 0.42311250871914025 0.9764134816595544 0.00927 0.086666
0.3262222009711669 0.42408886126251694 0.9786666029135007 0.00927 0.086988
0.3269749744511766 0.4250674667865296 0.9809249233535299 0.00927 0.087311
0.3277294849923384 0.42604833049003993 0.9831884549770151 0.00927 0.087635
0.32848573660300445 0.4270314575839058 0.9854572098090133 0.00927 0.087961
0.3292437333007769 0.42801685329100997 0.9877311999023306 0.00927 0.088287
0.3300034791125284 0.42900452284628693 0.9900104373375853 0.00927 0.088615
0.33076497807442407 0.4299944714967513 0.9922949342232722 0.00927 0.088943
0.3315282342319425 0.43098670450152526 0.9945847026958274 0.00927 0.089273
0.33229325163989726 0.43198122713186643 0.9968797549196917 0.00927 0.089604
0.33306003436245885 0.4329780446711965 0.9991801030873766 0.00927 0.089935
0.33382858647317604 0.43397716241512885 1.001485759419528 0.00927 0.090268
0.3345989120549973 0.4349785856714965 1.003796736164992 0.00927 0.090602
0.33537101520029305 0.435982319760381 1.006113045600879 0.00927 0.090937
0.3361449000108766 0.4369883700141396 1.00843470003263 0.00927 0.091273
0.3369205705980267 0.43799674177743475 1.0107617117940801 0.00927 0.091611
0.33769803108250906 0.4390074404072618 1.0130940932475272 0.00927 0.091949
0.3384772855945981 0.44002047127297755 1.0154318567837943 0.00927 0.092288
0.33925833827409935 0.44103583975632915 1.017775014822298 0.00927 0.092629
0.3400411932703707 0.4420535512514819 1.0201235798111121 0.00927 0.092970
0.34082585474234517 0.44307361116504873 1.0224775642270356 0.00927 0.093313
0.34161232685855275 0.44409602491611855 1.0248369805756583 0.00927 0.093657
0.3424006137971424 0.44512079793628506 1.027201841391427 0.00927 0.094002
0.3431907197459044 0.44614793566967575 1.0295721592377132 0.00927 0.094348
0.3439826489022925 0.4471774435729803 1.0319479467068775 0.00927 0.094695
0.3447764054734464 0.44820932711548034 1.0343292164203393 0.00927 0.095044
0.34557199367621383 0.44924359177907797 1.0367159810286415 0.00927 0.095393
0.3463694177371733 0.45028024305832526 1.03910825321152 0.00927 0.095744
0.34716868189265615 0.451319286460453 1.0415060456779686 0.00927 0.096095
0.34796979038876924 0.4523607275054 1.0439093711663077 0.00927 0.096448
0.34877274748141773 0.45340457172584303 1.0463182424442532 0.00927 0.096802
0.34957755743632746 0.4544508246672257 1.0487326723089825 0.00927 0.097157
0.3503842245290674 0.45549949188778766 1.0511526735872023 0.00927 0.097565
0.35119275304507297 0.45655057895859485 1.053578259135219 0.00927 0.097922
0.35200314727966797 0.45760409146356834 1.056009441839004 0.00927 0.098281
0.3528154115380883 0.4586600349995148 1.058446234614265 0.00927 0.098641
0.3536295501355042 0.4597184151761554 1.0608886504065125 0.00927 0.099001
0.35444556739704347 0.4607792376161565 1.0633367021911304 0.00927 0.099363
0.35526346765781414 0.46184250795515835 1.0657904029734424 0.00927 0.099727
0.3560832552629279 0.46290823184180624 1.0682497657887837 0.00927 0.100091
0.356904934567523 0.46397641493777986 1.0707148037025689 0.00927 0.100457
0.35772850993678723 0.4650470629178234 1.0731855298103616 0.00927 0.100823
0.35855398574598163 0.46612018146977613 1.0756619572379449 0.00927 0.101191
0.35938136638046275 0.4671957762946016 1.0781440991413882 0.00927 0.101560
0.3602106562357071 0.4682738531064192 1.0806319687071213 0.00927 0.101931
0.3610418597173337 0.4693544176325338 1.0831255791520011 0.00927 0.102302
0.36187498124112794 0.4704374756134663 1.0856249437233838 0.00927 0.102675
0.3627100252330647 0.47152303280298413 1.088130075699194 0.00927 0.103048
0.36354699612933195 0.47261109496813153 1.090640988387996 0.00927 0.103423
0.36438589837635454 0.47370166788926094 1.0931576951290636 0.00927 0.103800
0.36522673643081754 0.4747947573600628 1.0956802092924527 0.00927 0.104177
0.36606951475969013 0.4758903691875972 1.0982085442790703 0.00927 0.104555
0.3669142378402493 0.47698850919232405 1.100742713520748 0.00927 0.104935
0.36776091016010326 0.4780891832081342 1.1032827304803097 0.00927 0.105316
0.36860953621721587 0.47919239708238065 1.1058286086516476 0.00927 0.105698
0.36946012051993027 0.48029815667590936 1.108380361559791 0.00927 0.106081
0.3703126675869926 0.4814064678630904 1.1109380027609779 0.00927 0.106466
0.3711671819475766 0.4825173365318496 1.1135015458427298 0.00927 0.106851
0.3720236681413068 0.4836307685836988 1.1160710044239204 0.00927 0.107238
0.37288213071828347 0.48474676993376853 1.1186463921548504 0.00927 0.107626
0.3737425742391064 0.4858653465108383 1.121227722717319 0.00927 0.108015
0.3746050032748992 0.48698650425736895 1.1238150098246975 0.00927 0.108405
0.3754694224073336 0.4881102491295337 1.1264082672220008 0.00927 0.108797
0.37633583622865346 0.4892365870972495 1.1290075086859603 0.00927 0.109190
0.3772042493416998 0.49036552414420975 1.1316127480250995 0.00927 0.109584
0.3780746663599349 0.4914970662679154 1.1342239990798046 0.00927 0.109980
0.37894709190746667 0.4926312194797067 1.1368412757224 0.00927 0.110376
0.37982153061907353 0.4937679898047956 1.1394645918572206 0.00927 0.110774
0.3806979871402286 0.4949073832822972 1.1420939614206858 0.00927 0.111173
0.3815764661271249 0.49604940596526237 1.1447293983813749 0.00927 0.111574
0.3824569722466999 0.49719406392070986 1.1473709167400996 0.00927 0.111975
0.38333951017666 0.498341363229658 1.1500185305299802 0.00927 0.112378
0.384224084605506 0.4994913099871578 1.152672253816518 0.00927 0.112782
0.38511070023255706 0.5006439103023241 1.1553321006976711 0.00927 0.113188
0.38599936176797683 0.5017991702983698 1.1579980853039304 0.00927 0.113594
0.38689007393279756 0.5029570961126368 1.1606702217983926 0.00927 0.114002
0.38778284145894565 0.5041176938966293 1.163348524376837 0.00927 0.114411
0.38867766908926665 0.5052809698160466 1.1660330072678 0.00927 0.114822
0.3895745615775503 0.5064469300508154 1.168723684732651 0.00927 0.115234
0.3904735236885561 0.5076155807951229 1.1714205710656682 0.00927 0.115647
0.3913745601980384 0.50878692825745 1.174123680594115 0.00927 0.116061
0.39227767589277185 0.5099609786606034 1.1768330276783154 0.00927 0.116477
0.3931828755705769 0.51113773824175 1.1795486267117308 0.00927 0.116894
0.39409016404034497 0.5123172132524485 1.182270492121035 0.00927 0.117312
0.3949995461220644 0.5134994099586837 1.1849986383661932 0.00927 0.117732
0.39591102664684585 0.5146843346408996 1.1877330799405375 0.00927 0.118152
0.39682461045694806 0.5158719935940325 1.190473831370844 0.00927 0.118575
0.39774030240580355 0.5170623931275447 1.1932209072174107 0.00927 0.118998
0.3986581073580441 0.5182555395654573 1.1959743220741323 0.00927 0.119423
0.39957803018952703 0.5194514392463851 1.198734090568581 0.00927 0.119849
0.40050007578736113 0.5206500985235695 1.2015002273620834 0.00927 0.120277
0.40142424904993207 0.5218515237649117 1.2042727471497963 0.00927 0.120706
0.4023505548869292 0.523055721353008 1.2070516646607876 0.00927 0.121136
0.40327899821937074 0.524262697685182 1.2098369946581122 0.00927 0.121567
0.4042095839796307 0.5254724591735199 1.212628751938892 0.00927 0.122000
0.40514231711146476 0.5266850122449042 1.2154269513343943 0.00927 0.122435
0.40607720257003654 0.5279003633410475 1.2182316077101096 0.00927 0.122870
0.4070142453219438 0.5291185189185269 1.2210427359658313 0.00927 0.123307
0.4079534503452451 0.5303394854488186 1.2238603510357353 0.00927 0.123746
0.4088948226294861 0.531563269418332 1.2266844678884583 0.00927 0.124185
0.40983836717572614 0.532789877328444 1.2295151015271784 0.00927 0.124626
0.41078408899656466 0.5340193156955341 1.232352266989694 0.00927 0.125069
0.4117319931161678 0.5352515910510182 1.2351959793485034 0.00927 0.125513
0.41268208457029537 0.5364867099413839 1.238046253710886 0.00927 0.125958
0.41363436840632745 0.5377246789282257 1.2409031052189823 0.00927 0.126405
0.4145888496832911 0.5389655045882784 1.2437665490498735 0.00927 0.126853
0.41554553347188755 0.5402091935134539 1.2466366004156626 0.00927 0.127302
0.4165044248545184 0.5414557523108738 1.249513274563555 0.00927 0.127753
0.4174655289253137 0.5427051876029078 1.252396586775941 0.00927 0.128205
0.4184288507901581 0.5439575060272055 1.2552865523704744 0.00927 0.128658
0.41939439556671865 0.5452127142367342 1.258183186700156 0.00927 0.129113
0.4203621683844714 0.5464708188998127 1.2610865051534141 0.00927 0.129570
0.4213321743847288 0.5477318267001474 1.2639965231541863 0.00927 0.130027
0.42230441872066743 0.5489957443368676 1.2669132561620022 0.00927 0.130487
0.42327890655735495 0.5502625785245614 1.2698367196720648 0.00927 0.130947
0.4242556430717777 0.5515323359933111 1.2727669292153332 0.00927 0.131409
0.4252346334528682 0.5528050234887287 1.2757039003586046 0.00927 0.131872
0.4262158829015324 0.5540806477719922 1.2786476487045972 0.00927 0.132337
0.4271993966306779 0.5553592156198812 1.2815981898920337 0.00927 0.132803
0.42818517986524124 0.5566407338248136 1.2845555395957238 0.00927 0.133271
0.4291732378422157 0.5579252091948804 1.2875197135266472 0.00927 0.133740
0.4301635758106795 0.5592126485538833 1.2904907274320385 0.00927 0.134211
0.43115619903182273 0.5605030587413695 1.2934685970954682 0.00927 0.134683
0.43215111277897644 0.5617964466126694 1.2964533383369292 0.00927 0.135156
0.43314832233763995 0.5630928190389319 1.2994449670129198 0.00927 0.135631
0.43414783300550924 0.564392182907162 1.3024434990165277 0.00927 0.136107
0.435149650092505 0.5656945451202565 1.305448950277515 0.00927 0.136585
0.4361537789208005 0.5669999125970406 1.3084613367624014 0.00927 0.137064
0.43716022482485045 0.5683082922723056 1.3114806744745513 0.00927 0.137545
0.4381689931514191 0.5696196910968448 1.3145069794542574 0.00927 0.138028
0.4391800892596086 0.5709341160374912 1.317540267778826 0.00927 0.138511
0.44019351852088745 0.5722515740771537 1.3205805555626624 0.00927 0.138997
0.4412092863191189 0.5735720722148545 1.3236278589573567 0.00927 0.139484
0.4422273980505899 0.5748956174657669 1.3266821941517697 0.00927 0.139972
0.4432478591240397 0.5762222168612516 1.3297435773721191 0.00927 0.140462
0.4442706749606883 0.5775518774488948 1.332812024882065 0.00927 0.140953
0.44529585099426555 0.5788846062925452 1.3358875529827967 0.00927 0.141446
0.4463233926710396 0.5802204104723515 1.3389701780131187 0.00927 0.141941
0.44735330544984653 0.5815592970848005 1.3420599163495397 0.00927 0.142437
0.44838559480211876 0.5829012732427543 1.3451567844063563 0.00927 0.142935
0.4494202662119142 0.5842463460754885 1.3482607986357427 0.00927 0.143434
0.45045732517594583 0.5855945227287296 1.3513719755278375 0.00927 0.143935
0.4514967772036101 0.5869458103646932 1.3544903316108303 0.00927 0.144437
0.4525386278170169 0.588300216162122 1.3576158834510508 0.00927 0.144941
0.45358288255101875 0.5896577473163244 1.3607486476530561 0.00927 0.145447
0.4546295469532399 0.5910184110392119 1.3638886408597197 0.00927 0.145954
0.4556786265841064 0.5923822145593383 1.3670358797523192 0.00927 0.146463
0.4567301270168746 0.593749165121937 1.3701903810506237 0.00927 0.146973
0.45778405383766185 0.5951192699889604 1.3733521615129856 0.00927 0.147485
0.4588404126454758 0.5964925364391186 1.3765212379364273 0.00927 0.147998
0.45989920905224385 0.597868971767917 1.3796976271567316 0.00927 0.148514
0.46096044868284336 0.5992485832876964 1.38288134604853 0.00927 0.149030
0.4620241371751312 0.6006313783276706 1.3860724115253935 0.00927 0.149549
0.46309028017997395 0.6020173642339661 1.389270840539922 0.00927 0.150069
0.46415888336127786 0.6034065483696612 1.3924766500838337 0.00927 0.150591
0.46522995239601894 0.6047989381148247 1.395689857188057 0.00927 0.151114
0.46630349297427315 0.6061945408665551 1.3989104789228195 0.00927 0.151639
0.4673795107992462 0.6075933640390201 1.4021385323977387 0.00927 0.152165
0.46845801158730477 0.6089954150634962 1.4053740347619144 0.00927 0.152693
0.46953900106800595 0.6104007013884077 1.408617003204018 0.00927 0.153223
0.4706224849841282 0.6118092304793666 1.4118674549523846 0.00927 0.153755
0.4717084690917017 0.6132210098192122 1.4151254072751052 0.00927 0.154288
0.47279695916003894 0.6146360469080506 1.4183908774801168 0.00927 0.154823
0.47388796097176533 0.6160543492632949 1.421663882915296 0.00927 0.155359
0.4749814803228501 0.6174759244197051 1.4249444409685503 0.00927 0.155897
0.47607752302263695 0.618900779929428 1.428232569067911 0.00927 0.156437
0.4771760948938746 0.6203289233620369 1.4315282846816237 0.00927 0.156978
0.4782772017727484 0.6217603623045729 1.4348316053182453 0.00927 0.157521
0.4793808495089109 0.6231951043615842 1.4381425485267327 0.00927 0.158066
0.480487043965513 0.6246331571551669 1.441461131896539 0.00927 0.158612
0.4815957910192352 0.6260745283250058 1.4447873730577057 0.00927 0.159161
0.4827070965603183 0.6275192255284138 1.4481212896809548 0.00927 0.159710
0.4838209664925956 0.6289672564403743 1.4514628994777867 0.00927 0.160262
0.48493740673352353 0.6304186287535806 1.4548122202005707 0.00927 0.160815
0.4860564232142135 0.6318733501784776 1.4581692696426405 0.00927 0.161370
0.48717802187946324 0.6333314284433023 1.4615340656383897 0.00927 0.161927
0.488302208687788 0.6347928712941244 1.464906626063364 0.00927 0.162486
0.48942898961145304 0.636257686494889 1.4682869688343592 0.00927 0.163046
0.4905583706365048 0.6377258818274563 1.4716751119095144 0.00927 0.163608
0.49169035776280273 0.6391974650916435 1.4750710732884083 0.00927 0.164172
0.4928249570040515 0.6406724441052669 1.4784748710121545 0.00927 0.164738
0.4939621743878321 0.6421508267041817 1.4818865231634963 0.00927 0.165305
0.495102015955635 0.6436326207423255 1.4853060478669051 0.00927 0.165874
0.4962444877628916 0.645117834091759 1.4887334632886748 0.00927 0.166446
0.4973895958790064 0.6466064746427083 1.492168787637019 0.00927 0.167019
0.4985373463873895 0.6480985503036063 1.4956120391621686 0.00927 0.167593
0.4996877453854884 0.6495940690011349 1.499063236156465 0.00927 0.168170
0.5008407989848211 0.6510930386802675 1.5025223969544634 0.00927 0.168749
0.5019965133110081 0.6525954673043106 1.5059895399330245 0.00927 0.169329
0.5031548945038052 0.6541013628549468 1.5094646835114158 0.00927 0.169912
0.504315948717136 0.6556107333322768 1.512947846151408 0.00927 0.170496
0.5054796821191241 0.6571235867548613 1.5164390463573723 0.00927 0.171082
0.5066461008921267 0.6586399311597647 1.5199383026763802 0.00927 0.171670
0.5078152112327673 0.6601597746025974 1.523445633698302 0.00927 0.172260
0.5089870193519681 0.6616831251575586 1.5269610580559043 0.00927 0.172852
0.5101615314749834 0.6632099909174785 1.5304845944249503 0.00927 0.173445
0.5113387538414326 0.6647403799938624 1.5340162615242976 0.00927 0.174041
0.5125186927053331 0.666274300516933 1.5375560781159994 0.00927 0.174639
0.5137013543351341 0.6678117606356743 1.5411040630054023 0.00927 0.175238
0.5148867450137493 0.6693527685178741 1.544660235041248 0.00927 0.175840
0.5160748710385908 0.6708973323501681 1.5482246131157726 0.00927 0.176443
0.5172657387216019 0.6724454603380824 1.5517972161648057 0.00927 0.177049
0.5184593543892911 0.6739971607060785 1.5553780631678733 0.00927 0.177656
0.519655724382766 0.6755524416975958 1.558967173148298 0.00927 0.178265
0.5208548550577662 0.6771113115750961 1.5625645651732984 0.00927 0.178877
0.5220567527846977 0.6786737786201069 1.5661702583540928 0.00927 0.179490
0.5232614239486661 0.680239851133266 1.5697842718459984 0.00927 0.180105
0.5244688749495118 0.6818095374343653 1.5734066248485354 0.00927 0.180722
0.5256791122018422 0.6833828458623948 1.5770373366055264 0.00927 0.181341
0.5268921421350673 0.6849597847755875 1.5806764264052018 0.00927 0.181962
0.5281079711934332 0.6865403625514632 1.5843239135802998 0.00927 0.182585
0.5293266058360562 0.688124587586873 1.5879798175081685 0.00927 0.183210
0.5305480525369572 0.6897124682980444 1.5916441576108717 0.00927 0.183837
0.5317723177850969 0.6913040131206261 1.5953169533552907 0.00927 0.184466
0.5329994080844089 0.6928992305097316 1.5989982242532268 0.00927 0.185097
0.5342293299538353 0.6944981289399859 1.602687989861506 0.00927 0.185730
0.5354620899273608 0.696100716905569 1.6063862697820823 0.00927 0.186365
0.5366976945540475 0.6977070029202617 1.6100930836621425 0.00927 0.187002
0.5379361503980701 0.6993169955174912 1.6138084511942101 0.00927 0.187641
0.5391774640387501 0.7009307032503751 1.6175323921162503 0.00927 0.188283
0.5404216420705916 0.7025481346917691 1.6212649262117749 0.00927 0.188926
0.5416686911033152 0.7041692984343098 1.6250060733099456 0.00927 0.189571
0.5429186177618941 0.7057942030904623 1.6287558532856823 0.00927 0.190219
0.5441714286865891 0.7074228572925658 1.6325142860597672 0.00927 0.190868
0.5454271305329833 0.7090552696928782 1.63628139159895 0.00927 0.191520
0.5466857299720183 0.7106914489636237 1.6400571899160548 0.00927 0.192174
0.5479472336900287 0.7123314037970374 1.643841701070086 0.00927 0.192830
0.5492116483887788 0.7139751429054124 1.6476349451663364 0.00927 0.193488
0.5504789807854971 0.7156226750211462 1.6514369423564912 0.00927 0.194148
0.5517492376129126 0.7172740088967864 1.655247712838738 0.00927 0.194810
0.5530224256192902 0.7189291533050772 1.6590672768578705 0.00927 0.195475
0.5542985515684669 0.7205881170390069 1.6628956547054006 0.00927 0.196142
0.5555776222398876 0.7222509089118538 1.6667328667196628 0.00927 0.196811
0.5568596444286411 0.7239175377572334 1.6705789332859233 0.00927 0.197483
0.5581446249454963 0.7255880124291452 1.674433874836489 0.00927 0.198156
0.5594325706169379 0.7272623418020192 1.6782977118508136 0.00927 0.198832
0.5607234882852032 0.7289405347707643 1.6821704648556097 0.00927 0.199510
0.5620173848083186 0.7306226002508143 1.686052154424956 0.00927 0.200191
0.5633142670601354 0.7323085471781761 1.6899428011804063 0.00927 0.200874
0.564614141930367 0.7339983845094771 1.693842425791101 0.00927 0.201559
0.5659170163246244 0.7356921212220118 1.6977510489738732 0.00927 0.202246
0.5672228971644544 0.7373897663137907 1.7016686914933632 0.00927 0.202936
0.5685317913873752 0.7390913288035877 1.7055953741621255 0.00927 0.203626
0.5698437059469139 0.740796817730988 1.7095311178407417 0.00927 0.204321
0.5711586478126432 0.7425062421564362 1.7134759434379299 0.00927 0.205017
0.572476623970218 0.7442196111612834 1.717429871910654 0.00927 0.205716
0.5737976414214134 0.7459369338478374 1.7213929242642403 0.00927 0.206418
0.5751217071841612 0.7476582193394096 1.7253651215524837 0.00927 0.207122
0.5764488282925876 0.7493834767803639 1.7293464848777629 0.00927 0.207828
0.5777790117970504 0.7511127153361655 1.733337035391151 0.00927 0.208536
0.579112264764176 0.7528459441934288 1.737336794292528 0.00927 0.209247
0.5804485942768978 0.7545831725599671 1.7413457828306933 0.00927 0.209961
0.5817880074344934 0.7563244096648415 1.7453640223034803 0.00927 0.210676
0.5831305113526222 0.7580696647584089 1.7493915340578665 0.00927 0.211394
0.5844761131633635 0.7598189471123725 1.7534283394900902 0.00927 0.212115
0.5858248200152537 0.7615722660198299 1.7574744600457612 0.00927 0.212838
0.5871766390733255 0.7633296307953231 1.7615299172199765 0.00927 0.213563
0.5885315775191449 0.7650910507748883 1.7655947325574346 0.00927 0.214290
0.5898896425508496 0.7668565353161045 1.7696689276525488 0.00927 0.215021
0.5912508413831878 0.7686260937981442 1.7737525241495635 0.00927 0.215753
0.5926151812475554 0.7703997356218221 1.7778455437426661 0.00927 0.216488
0.5939826693920356 0.7721774702096462 1.7819480081761068 0.00927 0.217226
0.5953533130814369 0.773959307005868 1.7860599392443106 0.00927 0.217965
0.5967271195973314 0.7757452554765307 1.7901813587919941 0.00927 0.218708
0.5981040962380941 0.7775353251095224 1.7943122887142824 0.00927 0.219453
0.599484250318941 0.7793295254146233 1.798452750956823 0.00927 0.220200
0.6008675891719687 0.7811278659235593 1.8026027675159062 0.00927 0.220950
0.6022541201461926 0.7829303561900504 1.8067623604385779 0.00927 0.221702
0.6036438506075867 0.7847370057898627 1.8109315518227602 0.00927 0.222457
0.6050367879391221 0.7865478243208587 1.8151103638173662 0.00927 0.223214
0.6064329395408063 0.7883628214030483 1.819298818622419 0.00927 0.223974
0.6078323128297229 0.7901820066786398 1.8234969384891688 0.00927 0.224737
0.609234915240071 0.7920053898120923 1.827704745720213 0.00927 0.225502
0.610640754223204 0.7938329804901652 1.831922262669612 0.00927 0.226270
0.6120498372476699 0.7956647884219709 1.8361495117430098 0.00927 0.227040
0.6134621717992508 0.7975008233390259 1.8403865153977523 0.00927 0.227813
0.6148777653810024 0.799341094995303 1.844633296143007 0.00927 0.228589
0.6162966255132941 0.8011856131672823 1.8488898765398822 0.00927 0.229367
0.6177187597338492 0.8030343876540039 1.8531562792015475 0.00927 0.230148
0.6191441755977845 0.8048874282771198 1.8574325267933534 0.00927 0.230932
0.6205728806776502 0.8067447448809452 1.8617186420329506 0.00927 0.231719
0.6220048825634712 0.8086063473325126 1.8660146476904136 0.00927 0.232508
0.6234401888627862 0.810472245521622 1.8703205665883584 0.00927 0.233300
0.6248788072006891 0.8123424493608958 1.8746364216020672 0.00927 0.234095
0.6263207452198689 0.8142169687858296 1.8789622356596067 0.00927 0.234893
0.6277660105806502 0.8160958137548452 1.8832980317419505 0.00927 0.235693
0.6292146109610344 0.8179789942493447 1.8876438328831031 0.00927 0.236496
0.6306665540567404 0.8198665202737625 1.8919996621702213 0.00927 0.237303
0.6321218475812451 0.8217584018556187 1.8963655427437354 0.00927 0.238112
0.633580499265825 0.8236546490455725 1.9007414977974753 0.00927 0.238923
0.6350425168595963 0.8255552719174752 1.905127550578789 0.00927 0.239738
0.6365079081295572 0.8274602805684244 1.9095237243886714 0.00927 0.240556
0.6379766808606281 0.8293696851188165 1.9139300425818844 0.00927 0.241376
0.6394488428556941 0.8312834957124023 1.9183465285670824 0.00927 0.242199
0.6409244019356454 0.833201722516339 1.9227732058069362 0.00927 0.243026
0.6424033659394193 0.835124375721245 1.9272100978182578 0.00927 0.243855
0.643885742724042 0.8370514655412545 1.931657228172126 0.00927 0.244687
0.64537154016467 0.838983002214071 1.93611462049401 0.00927 0.245522
0.6468607661546326 0.8409189960010224 1.9405822984638978 0.00927 0.246360
0.6483534286054724 0.8428594571871141 1.9450602858164172 0.00927 0.247200
0.649849535446989 0.8448043960810857 1.9495486063409668 0.00927 0.248044
0.6513490946272803 0.8467538230154644 1.9540472838818408 0.00927 0.248891
0.6528521141127845 0.8487077483466199 1.9585563423383536 0.00927 0.249740
0.6543586018883234 0.8506661824548204 1.9630758056649702 0.00927 0.250593
0.6558685659571432 0.8526291357442861 1.9676056978714294 0.00927 0.251449
0.6573820143409587 0.8545966186432463 1.9721460430228759 0.00927 0.252307
0.658898955079995 0.8565686416039935 1.976696865239985 0.00927 0.253169
0.6604193962330304 0.8585452151029395 1.981258188699091 0.00927 0.254033
0.6619433458774393 0.8605263496406711 1.985830037632318 0.00927 0.254901
0.6634708121092348 0.8625120557420052 1.9904124363277043 0.00927 0.255771
0.665001803043112 0.8645023439560455 1.9950054091293359 0.00927 0.256645
0.6665363268124913 0.8664972248562387 1.999608980437474 0.00927 0.257521
0.6680743915695613 0.8684967090404296 2.0042231747086836 0.00927 0.258401
0.6696160054853221 0.8705008071309187 2.0088480164559663 0.00927 0.259284
0.6711611767496284 0.8725095297745169 2.013483530248885 0.00927 0.260170
0.6727099135712339 0.8745228876426041 2.0181297407137015 0.00927 0.261059
0.6742622241778342 0.8765408914311845 2.0227866725335026 0.00927 0.261950
0.6758181168161108 0.878563551860944 2.027454350448332 0.00927 0.262845
0.677377599751775 0.8805908796773075 2.032132799255325 0.00927 0.263743
0.6789406812696109 0.8826228856504942 2.036822043808833 0.00927 0.264645
0.6805073696735208 0.884659580575577 2.0415221090205624 0.00927 0.265549
0.6820776732865685 0.8867009752725391 2.046233019859706 0.00927 0.266457
0.6836516004510237 0.8887470805863308 2.050954801353071 0.00927 0.267368
0.6852291595284062 0.8907979073869281 2.055687478585219 0.00927 0.268283
0.6868103588995303 0.8928534665693895 2.060431076698591 0.00927 0.269200
0.6883952069645498 0.8949137690539147 2.0651856208936494 0.00927 0.270121
0.6899837121430018 0.8969788257859024 2.0699511364290055 0.00927 0.271046
0.6915758828738523 0.899048647736008 2.0747276486215567 0.00927 0.271973
0.6931717276155406 0.9011232459002028 2.0795151828466216 0.00927 0.272904
0.6947712548460236 0.9032026312998307 2.084313764538071 0.00927 0.273839
0.6963744730628224 0.9052868149816691 2.0891234191884673 0.00927 0.274776
0.697981390783066 0.9073758080179858 2.093944172349198 0.00927 0.275718
0.6995920165435373 0.9094696215065985 2.098776049630612 0.00927 0.276662
0.7012063589007183 0.9115682665709337 2.103619076702155 0.00927 0.277610
0.7028244264308349 0.9136717543600853 2.1084732792925047 0.00927 0.278562
0.7044462277299038 0.915780096048875 2.1133386831897116 0.00927 0.279517
0.7060717714137773 0.9178933028379105 2.118215314241332 0.00927 0.280476
0.7077010661181887 0.9200113859536454 2.123103198354566 0.00927 0.281438
0.7093341204987995 0.9221343566484393 2.1280023614963985 0.00927 0.282403
0.7109709432312434 0.9242622262006165 2.1329128296937303 0.00927 0.283373
0.7126115430111747 0.9263950059145271 2.137834629033524 0.00927 0.284345
0.7142559285543126 0.9285327071206064 2.142767785662938 0.00927 0.285321
0.7159041085964887 0.9306753411754353 2.147712325789466 0.00927 0.286378
0.7175560918936926 0.9328229194618004 2.1526682756810778 0.00927 0.287361
0.7192118872221189 0.9349754533887547 2.157635661666357 0.00927 0.288348
0.7208715033782137 0.9371329543916778 2.1626145101346412 0.00927 0.289338
0.7225349491787214 0.9392954339323378 2.1676048475361642 0.00927 0.290256
0.7242022334607313 0.9414629034989507 2.172606700382194 0.00927 0.291254
0.7258733650817252 0.9436353746062427 2.1776200952451754 0.00927 0.292256
0.7275483529196228 0.9458128587955097 2.1826450587588684 0.00927 0.293261
0.7292272058728315 0.947995367634681 2.1876816176184946 0.00927 0.294270
0.730909932860291 0.9501829127183783 2.1927297985808734 0.00927 0.295282
0.732596542821523 0.9523755056679799 2.197789628464569 0.00927 0.296298
0.7342870447166764 0.9545731581316793 2.2028611341500293 0.00927 0.297317
0.7359814475265767 0.9567758817845496 2.2079443425797303 0.00927 0.298341
0.7376797602527733 0.9589836883286053 2.21303928075832 0.00927 0.299368
0.7393819919175866 0.9611965894928626 2.2181459757527597 0.00927 0.300399
0.741088151564157 0.963414597033404 2.2232644546924707 0.00927 0.301433
0.7427982482564917 0.9656377227334392 2.228394744769475 0.00927 0.302471
0.7445122910795139 0.9678659784033681 2.233536873238542 0.00927 0.303513
0.7462302891391109 0.9700993758808443 2.2386908674173327 0.00927 0.304559
0.7479522515621821 0.9723379270308368 2.243856754686546 0.00927 0.305609
0.7496781874966877 0.974581643745694 2.249034562490063 0.00927 0.306662
0.7514081061116968 0.9768305379452059 2.2542243183350905 0.00927 0.307719
0.7531420165974372 0.9790846215766683 2.2594260497923115 0.00927 0.308780
0.7548799281653433 0.9813439066149463 2.2646397844960298 0.00927 0.309845
0.7566218500481054 0.9836084050625371 2.269865550144316 0.00927 0.310914
0.7583677914997191 0.9858781289496348 2.2751033744991576 0.00927 0.311987
0.7601177617955328 0.9881530903341926 2.2803532853865986 0.00927 0.313063
0.7618717702322996 0.9904333013019895 2.285615310696899 0.00927 0.314144
0.7636298261282244 0.9927187739666917 2.290889478384673 0.00927 0.315228
0.7653919388230148 0.9950095204699192 2.2961758164690442 0.00927 0.316317
0.7671581176779302 0.9973055529813093 2.3014743530337904 0.00927 0.317409
0.7689283720758311 0.9996068836985804 2.306785116227493 0.00927 0.318506
0.7707027114212299 1.0019135248475988 2.3121081342636898 0.00927 0.319606
0.7724811451403402 1.0042254886824422 2.3174434354210205 0.00927 0.320711
0.774263682681127 1.006542787485465 2.322791048043381 0.00927 0.321819
0.7760503335133571 1.0088654335673641 2.328151000540071 0.00927 0.322932
0.7778411071286488 1.0111934392672435 2.3335233213859468 0.00927 0.324049
0.7796360130405233 1.0135268169526803 2.33890803912157 0.00927 0.325170
0.7814350607844543 1.0158655790197906 2.344305182353363 0.00927 0.326295
0.7832382599179196 1.0182097378932955 2.349714779753759 0.00927 0.327424
0.785045620020451 1.0205593060265863 2.3551368600613527 0.00927 0.328557
0.786857150693685 1.0229142959017905 2.360571452081055 0.00927 0.329695
0.7886728615614151 1.0252747200298398 2.3660185846842454 0.00927 0.330837
0.7904927622696423 1.027640590950535 2.3714782868089266 0.00927 0.331983
0.7923168624866254 1.0300119212326129 2.376950587459876 0.00927 0.333134
0.794145171902934 1.0323887234738143 2.382435515708802 0.00927 0.334289
0.7959777002314984 1.034771010300948 2.3879331006944953 0.00927 0.335448
0.7978144572076625 1.0371587943699612 2.3934433716229875 0.00927 0.336611
0.7996554525892349 1.0395520883660052 2.3989663577677045 0.00927 0.337779
0.8015006961565405 1.0419509050035027 2.4045020884696218 0.00927 0.338951
0.8033501977124734 1.0443552570262153 2.41005059313742 0.00927 0.340127
0.8052039670825476 1.0467651572073118 2.415611901247643 0.00927 0.341308
0.8070620141149504 1.0491806183494354 2.4211860423448512 0.00927 0.342493
0.808924348680594 1.0516016532847723 2.4267730460417822 0.00927 0.343683
0.8107909806731687 1.0540282748751193 2.432372942019506 0.00927 0.344877
0.8126619200091946 1.056460496011953 2.437985760027584 0.00927 0.346075
0.8145371766280743 1.0588983296164967 2.443611529884223 0.00927 0.347278
0.8164167604921467 1.0613417886397907 2.44925028147644 0.00927 0.348485
0.8183006815867392 1.063790886062761 2.4549020447602174 0.00927 0.349697
0.8201889499202203 1.0662456348962863 2.460566849760661 0.00927 0.350913
0.822081575524054 1.0687060481812702 2.466244726572162 0.00927 0.352134
0.8239785684528518 1.0711721389887072 2.4719357053585553 0.00927 0.353360
0.8258799387844268 1.0736439204197548 2.4776398163532805 0.00927 0.354589
0.8277856966198475 1.0761214056058017 2.4833570898595423 0.00927 0.355824
0.8296958520834906 1.0786046077085378 2.489087556250472 0.00927 0.357063
0.8316104153230962 1.081093539920025 2.4948312459692885 0.00927 0.358307
0.8335293965098194 1.0835882154627652 2.5005881895294584 0.00927 0.359555
0.8354528058382867 1.0860886475897726 2.50635841751486 0.00927 0.360809
0.8373806535266491 1.0885948495846438 2.5121419605799473 0.00927 0.362066
0.8393129498166364 1.0911068347616273 2.517938849449909 0.00927 0.363329
0.8412497049736118 1.0936246164656953 2.5237491149208355 0.00927 0.364596
0.8431909292866258 1.0961482080726135 2.5295727878598773 0.00927 0.365868
0.8451366330684718 1.0986776229890132 2.5354098992054155 0.00927 0.367145
0.8470868266557404 1.1012128746524625 2.5412604799672214 0.00927 0.368427
0.8490415204088747 1.1037539765315372 2.547124561226624 0.00927 0.369713
0.8510007247122247 1.106300942125892 2.553002174136674 0.00927 0.371004
0.8529644499741023 1.108853784966333 2.5588933499223065 0.00927 0.372301
0.8549327066268381 1.1114125186148895 2.564798119880514 0.00927 0.373601
0.8569055051268349 1.1139771566648853 2.570716515380505 0.00927 0.374907
0.8588828559546252 1.1165477127410128 2.5766485678638755 0.00927 0.376218
0.8608647696149244 1.1191242004994018 2.582594308844773 0.00927 0.377534
0.8628512566366894 1.1217066336276962 2.5885537699100682 0.00927 0.378855
0.8648423275731723 1.1242950258451239 2.5945269827195165 0.00927 0.380180
0.8668379930019776 1.126889390902571 2.6005139790059326 0.00927 0.381511
0.8688382635251186 1.1294897425826542 2.606514790575356 0.00927 0.382847
0.8708431497690724 1.132096094699794 2.612529449307217 0.00927 0.384187
0.8728526623848377 1.134708461100289 2.6185579871545133 0.00927 0.385533
0.874866812047991 1.1373268556623883 2.624600436143973 0.00927 0.386884
0.8768856094587428 1.1399512922963657 2.6306568283762286 0.00927 0.388240
0.8789090653419956 1.1425817849445943 2.636727196025987 0.00927 0.389601
0.880937190447399 1.1452183475816187 2.642811571342197 0.00927 0.390968
0.8829699955494089 1.1478609942142315 2.648909986648227 0.00927 0.392339
0.8850074914473434 1.1505097388815464 2.6550224743420303 0.00927 0.393716
0.8870496889654406 1.1531645956550727 2.661149066896322 0.00927 0.395098
0.889096598952916 1.1558255786387908 2.667289796858748 0.00927 0.396485
0.8911482322840202 1.1584927019692262 2.6734446968520604 0.00927 0.397877
0.8932045998580966 1.1611659798155256 2.67961379957429 0.00927 0.399275
0.8952657125996396 1.1638454263795315 2.685797137798919 0.00927 0.400678
0.8973315814583522 1.166531055895858 2.691994744375057 0.00927 0.402086
0.8994022174092047 1.1692228826319662 2.698206652227614 0.00927 0.403500
0.9014776314524917 1.1719209208882393 2.704432894357475 0.00927 0.404919
0.9035578346138927 1.1746251849980605 2.710673503841678 0.00927 0.406343
0.9056428379445289 1.1773356893278877 2.7169285138335866 0.00927 0.407773
0.9077326525210226 1.1800524482773294 2.723197957563068 0.00927 0.409208
0.909827289445556 1.1827754762792229 2.729481868336668 0.00927 0.410649
0.9119267598459299 1.185504787799709 2.7357802795377895 0.00927 0.412095
0.914031074875623 1.1882403973383098 2.7420932246268688 0.00927 0.413547
0.9161402457138517 1.1909823194280071 2.748420737141555 0.00927 0.415004
0.9182542835656284 1.193730568635317 2.7547628506968853 0.00927 0.416466
0.9203731996618223 1.196485159560369 2.761119598985467 0.00927 0.417935
0.9224970052592174 1.1992461068369826 2.767491015777652 0.00927 0.419408
0.924625711640574 1.2020134251327463 2.7738771349217224 0.00927 0.420888
0.9267593301146878 1.2047871291490941 2.7802779903440635 0.00927 0.422373
0.92889787201645 1.207567233621385 2.78669361604935 0.00927 0.423863
0.9310413487069078 1.21035375331898 2.7931240461207234 0.00927 0.425360
0.9331897715733238 1.213146703045321 2.7995693147199714 0.00927 0.426862
0.9353431520292385 1.2159460976380099 2.8060294560877153 0.00927 0.428369
0.9375015015145285 1.218751951968887 2.8125045045435852 0.00927 0.429883
0.9396648314954693 1.22156428094411 2.818994494486408 0.00927 0.431402
0.9418331534647953 1.224383099504234 2.825499460394386 0.00927 0.432927
0.9440064789417604 1.2272084226242885 2.832019436825281 0.00927 0.434458
0.9461848194721999 1.2300402653138598 2.8385544584165996 0.00927 0.435995
0.9483681866285922 1.2328786426171698 2.845104559885777 0.00927 0.437538
0.9505565920101193 1.235723569613155 2.851669776030358 0.00927 0.439086
0.9527500472427293 1.238575061415548 2.858250141728188 0.00927 0.440640
0.9549485639791966 1.2414331331729556 2.8648456919375898 0.00927 0.442201
0.9571521538991863 1.2442978000689422 2.8714564616975586 0.00927 0.443767
0.9593608287093142 1.2471690773221085 2.8780824861279424 0.00927 0.445339
0.9615746001432098 1.2500469801861729 2.8847238004296294 0.00927 0.446918
0.9637934799615788 1.2529315239500525 2.8913804398847365 0.00927 0.448502
0.9660174799522646 1.255822723937944 2.898052439856794 0.00927 0.450092
0.9682466119303121 1.2587205955094058 2.904739835790936 0.00927 0.451688
0.9704808877380302 1.2616251540594392 2.911442663214091 0.00927 0.453287
0.972720319245054 1.2645364150185703 2.9181609577351617 0.00927 0.454896
0.9749649183484089 1.2674543938529315 2.924894755045227 0.00927 0.456510
0.9772146969725725 1.2703791060643441 2.9316440909177173 0.00927 0.458131
0.9794696670695393 1.273310567190401 2.938409001208618 0.00927 0.459758
0.9817298406188836 1.2762487928045485 2.945189521856651 0.00927 0.461391
0.9839952296278232 1.27919379851617 2.9519856888834695 0.00927 0.463031
0.9862658461312823 1.282145599970667 2.958797538393847 0.00927 0.464676
0.9885417021919574 1.2851042128495447 2.965625106575872 0.00927 0.466328
0.9908228099003795 1.2880696528704934 2.972468429701139 0.00927 0.467987
0.9931091813749796 1.2910419357874736 2.979327544124939 0.00927 0.469651
0.9954008287621524 1.294021077390798 2.9862024862864573 0.00927 0.471322
0.9976977642363204 1.2970070935072164 2.993093292708961 0.00927 0.472999
1.0 1.3 3.0 0.00927 0.474683
