0.15000000000000002 0.05 0.065 0.5 2.213 0.001 0.0000004500 0.001 0.013028
0.18000000000000002 0.060000000000000005 0.07800000000000001 0.5 2.213 0.001 0.0000004500 0.001 0.015171
0.21000000000000002 0.07 0.09100000000000001 0.5 2.213 0.001 0.0000004500 0.001 0.018379
0.24 0.08 0.10400000000000001 0.5 2.213 0.001 0.0000004500 0.001 0.022003
0.27 0.09 0.11699999999999999 0.5 2.213 0.001 0.0000004500 0.001 0.023823
0.30000000000000004 0.1 0.13 0.5 2.213 0.001 0.0000004500 0.001 0.026297
0.33 0.11 0.14300000000000002 0.5 2.213 0.001 0.0000004500 0.001 0.029868
0.36000000000000004 0.12000000000000001 0.15600000000000003 0.5 2.213 0.001 0.0000004500 0.001 0.033922
0.39 0.13 0.169 0.5 2.213 0.001 0.0000004500 0.001 0.038355
0.42000000000000004 0.14 0.18200000000000002 0.5 2.213 0.001 0.0000004500 0.001 0.043073
0.45000000000000007 0.15000000000000002 0.19500000000000003 0.5 2.213 0.001 0.0000004500 0.001 0.048039
0.48 0.16 0.20800000000000002 0.5 2.213 0.001 0.0000004500 0.001 0.053124
0.51 0.16999999999999998 0.22099999999999997 0.5 2.213 0.001 0.0000004500 0.001 0.058163
0.54 0.18 0.23399999999999999 0.5 2.213 0.001 0.0000004500 0.001 0.062694
0.5700000000000001 0.19 0.247 0.5 2.213 0.001 0.0000004500 0.001 0.061834
0.6000000000000001 0.2 0.26 0.5 2.213 0.001 0.0000004500 0.001 0.038919
0.6300000000000001 0.21000000000000002 0.273 0.5 2.213 0.001 0.0000004500 0.001 0.011402
0.6600000000000001 0.22000000000000003 0.28600000000000003 0.5 2.213 0.001 0.0000004500 0.001 0.002329
0.69 0.22999999999999998 0.299 0.5 2.213 0.001 0.0000004500 0.001 0.000429
0.72 0.24 0.312 0.5 2.213 0.001 0.0000004500 0.001 0.000084
0.75 0.25 0.325 0.5 2.213 0.001 0.0000004500 0.001 0.001041
0.78 0.26 0.338 0.5 2.213 0.001 0.0000004500 0.001 0.029118
0.81 0.27 0.35100000000000003 0.5 2.213 0.001 0.0000004500 0.001 0.053610
0.8400000000000001 0.28 0.36400000000000005 0.5 2.213 0.001 0.0000004500 0.001 0.073146
0.8699999999999999 0.29 0.377 0.5 2.213 0.001 0.0000004500 0.001 0.089074
0.8999999999999999 0.3 0.39 0.5 2.213 0.001 0.0000004500 0.001 0.102676
0.9299999999999999 0.31 0.403 0.5 2.213 0.001 0.0000004500 0.001 0.114792
0.96 0.32 0.41600000000000004 0.5 2.213 0.001 0.0000004500 0.001 0.125938
0.99 0.33 0.42900000000000005 0.5 2.213 0.001 0.0000004500 0.001 0.136440
1.02 0.33999999999999997 0.44199999999999995 0.5 2.213 0.001 0.0000004500 0.001 0.146506
1.0499999999999998 0.35 0.45499999999999996 0.5 2.213 0.001 0.0000004500 0.001 0.156274
1.08 0.36 0.46799999999999997 0.5 2.213 0.001 0.0000004500 0.001 0.165836
1.1099999999999999 0.37 0.481 0.5 2.213 0.001 0.0000004500 0.001 0.175256
1.1400000000000001 0.38 0.494 0.5 2.213 0.001 0.0000004500 0.001 0.184580
1.17 0.39 0.507 0.5 2.213 0.001 0.0000004500 0.001 0.193843
1.2000000000000002 0.4 0.52 0.5 2.213 0.001 0.0000004500 0.001 0.203069
1.23 0.41 0.5329999999999999 0.5 2.213 0.001 0.0000004500 0.001 0.212277
1.26 0.42 0.546 0.5 2.213 0.001 0.0000004500 0.001 0.221477
1.29 0.43 0.5589999999999999 0.5 2.213 0.001 0.0000004500 0.001 0.230686
1.32 0.44 0.5720000000000001 0.5 2.213 0.001 0.0000004500 0.001 0.239915
1.35 0.45 0.585 0.5 2.213 0.001 0.0000004500 0.001 0.249170
1.3800000000000001 0.46 0.5980000000000001 0.5 2.213 0.001 0.0000004500 0.001 0.258455
1.41 0.47 0.611 0.5 2.213 0.001 0.0000004500 0.001 0.267774
1.44 0.48 0.624 0.5 2.213 0.001 0.0000004500 0.001 0.277132
1.47 0.49 0.637 0.5 2.213 0.001 0.0000004500 0.001 0.286536
1.5 0.5 0.65 0.5 2.213 0.001 0.0000004500 0.001 0.295991
1.53 0.51 0.663 0.5 2.213 0.001 0.0000004500 0.001 0.305496
1.56 0.52 0.676 0.5 2.213 0.001 0.0000004500 0.001 0.315050
1.59 0.53 0.6890000000000001 0.5 2.213 0.001 0.0000004500 0.001 0.324648
1.62 0.54 0.7020000000000001 0.5 2.213 0.001 0.0000004500 0.001 0.334287
1.6500000000000001 0.55 0.7150000000000001 0.5 2.213 0.001 0.0000004500 0.001 0.343953
1.6800000000000002 0.56 0.7280000000000001 0.5 2.213 0.001 0.0000004500 0.001 0.353636
1.7100000000000002 0.5700000000000001 0.7410000000000001 0.5 2.213 0.001 0.0000004500 0.001 0.363330
1.7400000000000002 0.5800000000000001 0.7540000000000001 0.5 2.213 0.001 0.0000004500 0.001 0.373043
1.7700000000000002 0.5900000000000001 0.7670000000000001 0.5 2.213 0.001 0.0000004500 0.001 0.382780
1.8000000000000003 0.6000000000000001 0.7800000000000001 0.5 2.213 0.001 0.0000004500 0.001 0.392551
1.8300000000000003 0.6100000000000001 0.7930000000000001 0.5 2.213 0.001 0.0000004500 0.001 0.402364
1.8600000000000003 0.6200000000000001 0.8060000000000002 0.5 2.213 0.001 0.0000004500 0.001 0.412226
1.8900000000000001 0.63 0.819 0.5 2.213 0.001 0.0000004500 0.001 0.422138
1.92 0.64 0.8320000000000001 0.5 2.213 0.001 0.0000004500 0.001 0.423031
1.9500000000000002 0.65 0.845 0.5 2.213 0.001 0.0000004500 0.001 0.431659
1.98 0.66 0.8580000000000001 0.5 2.213 0.001 0.0000004500 0.001 0.440293
2.0100000000000002 0.67 0.871 0.5 2.213 0.001 0.0000004500 0.001 0.448943
2.04 0.68 0.8840000000000001 0.5 2.213 0.001 0.0000004500 0.001 0.457620
2.0700000000000003 0.6900000000000001 0.897 0.5 2.213 0.001 0.0000004500 0.001 0.466333
2.1 0.7000000000000001 0.9100000000000001 0.5 2.213 0.001 0.0000004500 0.001 0.475086
2.1300000000000003 0.7100000000000001 0.923 0.5 2.213 0.001 0.0000004500 0.001 0.483885
2.16 0.7200000000000001 0.9360000000000002 0.5 2.213 0.001 0.0000004500 0.001 0.492729
2.1900000000000004 0.7300000000000001 0.9490000000000001 0.5 2.213 0.001 0.0000004500 0.001 0.501624
2.22 0.7400000000000001 0.9620000000000002 0.5 2.213 0.001 0.0000004500 0.001 0.510573
2.2500000000000004 0.7500000000000001 0.9750000000000001 0.5 2.213 0.001 0.0000004500 0.001 0.519579
2.2800000000000002 0.76 0.988 0.5 2.213 0.001 0.0000004500 0.001 0.528647
2.31 0.77 1.001 0.5 2.213 0.001 0.0000004500 0.001 0.537780
2.34 0.78 1.014 0.5 2.213 0.001 0.0000004500 0.001 0.546979
2.37 0.79 1.0270000000000001 0.5 2.213 0.001 0.0000004500 0.001 0.556247
2.4000000000000004 0.8 1.04 0.5 2.213 0.001 0.0000004500 0.001 0.565584
2.43 0.81 1.053 0.5 2.213 0.001 0.0000004500 0.001 0.574991
2.46 0.8200000000000001 1.066 0.5 2.213 0.001 0.0000004500 0.001 0.584465
2.49 0.8300000000000001 1.0790000000000002 0.5 2.213 0.001 0.0000004500 0.001 0.594015
2.5200000000000005 0.8400000000000001 1.092 0.5 2.213 0.001 0.0000004500 0.001 0.603639
2.5500000000000003 0.8500000000000001 1.105 0.5 2.213 0.001 0.0000004500 0.001 0.613338
2.58 0.8600000000000001 1.118 0.5 2.213 0.001 0.0000004500 0.001 0.623113
2.6100000000000003 0.8700000000000001 1.1310000000000002 0.5 2.213 0.001 0.0000004500 0.001 0.632964
2.6400000000000006 0.8800000000000001 1.1440000000000001 0.5 2.213 0.001 0.0000004500 0.001 0.642891
2.67 0.89 1.157 0.5 2.213 0.001 0.0000004500 0.001 0.652896
2.7 0.9 1.17 0.5 2.213 0.001 0.0000004500 0.001 0.662977
2.73 0.91 1.183 0.5 2.213 0.001 0.0000004500 0.001 0.673135
2.7600000000000002 0.92 1.1960000000000002 0.5 2.213 0.001 0.0000004500 0.001 0.683365
2.79 0.93 1.209 0.5 2.213 0.001 0.0000004500 0.001 0.693667
2.8200000000000003 0.9400000000000001 1.222 0.5 2.213 0.001 0.0000004500 0.001 0.704036
2.85 0.9500000000000001 1.235 0.5 2.213 0.001 0.0000004500 0.001 0.714467
2.8800000000000003 0.9600000000000001 1.2480000000000002 0.5 2.213 0.001 0.0000004500 0.001 0.724953
2.91 0.9700000000000001 1.2610000000000001 0.5 2.213 0.001 0.0000004500 0.001 0.735486
2.9400000000000004 0.9800000000000001 1.274 0.5 2.213 0.001 0.0000004500 0.001 0.746051
2.97 0.9900000000000001 1.2870000000000001 0.5 2.213 0.001 0.0000004500 0.001 0.756631
3.0 1.0 1.3 0.5 2.213 0.001 0.0000004500 0.001 0.767200
3.0300000000000002 1.01 1.313 0.5 2.213 0.001 0.0000004500 0.001 0.777718
3.06 1.02 1.326 0.5 2.213 0.001 0.0000004500 0.001 0.788112
3.09 1.03 1.339 0.5 2.213 0.001 0.0000004500 0.001 0.798313
3.12 1.04 1.352 0.5 2.213 0.001 0.0000004500 0.001 0.808241
3.1500000000000004 1.05 1.365 0.5 2.213 0.001 0.0000004500 0.001 0.817714
3.18 1.06 1.3780000000000001 0.5 2.213 0.001 0.0000004500 0.001 0.826755
3.21 1.07 1.391 0.5 2.213 0.001 0.0000004500 0.001 0.835112
3.24 1.08 1.4040000000000001 0.5 2.213 0.001 0.0000004500 0.001 0.842513
3.2700000000000005 1.09 1.417 0.5 2.213 0.001 0.0000004500 0.001 0.848930
3.3000000000000003 1.1 1.4300000000000002 0.5 2.213 0.001 0.0000004500 0.001 0.854914
3.33 1.11 1.443 0.5 2.213 0.001 0.0000004500 0.001 0.861692
3.3600000000000003 1.12 1.4560000000000002 0.5 2.213 0.001 0.0000004500 0.001 0.869604
3.3900000000000006 1.1300000000000001 1.469 0.5 2.213 0.001 0.0000004500 0.001 0.878119
3.4200000000000004 1.1400000000000001 1.4820000000000002 0.5 2.213 0.001 0.0000004500 0.001 0.887044
3.45 1.1500000000000001 1.495 0.5 2.213 0.001 0.0000004500 0.001 0.896283
3.4800000000000004 1.1600000000000001 1.5080000000000002 0.5 2.213 0.001 0.0000004500 0.001 0.905779
3.5100000000000007 1.1700000000000002 1.5210000000000001 0.5 2.213 0.001 0.0000004500 0.001 0.915494
3.5400000000000005 1.1800000000000002 1.5340000000000003 0.5 2.213 0.001 0.0000004500 0.001 0.925401
3.5700000000000003 1.1900000000000002 1.5470000000000002 0.5 2.213 0.001 0.0000004500 0.001 0.935478
3.6000000000000005 1.2000000000000002 1.5600000000000003 0.5 2.213 0.001 0.0000004500 0.001 0.945710
3.63 1.21 1.573 0.5 2.213 0.001 0.0000004500 0.001 0.956084
3.66 1.22 1.5859999999999999 0.5 2.213 0.001 0.0000004500 0.001 0.966589
3.69 1.23 1.599 0.5 2.213 0.001 0.0000004500 0.001 0.977218
3.7199999999999998 1.24 1.612 0.5 2.213 0.001 0.0000004500 0.001 0.987962
3.75 1.25 1.625 0.5 2.213 0.001 0.0000004500 0.001 0.998815
3.7800000000000002 1.26 1.638 0.5 2.213 0.001 0.0000004500 0.001 1.009772
3.81 1.27 1.651 0.5 2.213 0.001 0.0000004500 0.001 1.020827
3.84 1.28 1.6640000000000001 0.5 2.213 0.001 0.0000004500 0.001 1.031977
3.87 1.29 1.677 0.5 2.213 0.001 0.0000004500 0.001 1.043866
3.9000000000000004 1.3 1.69 0.5 2.213 0.001 0.0000004500 0.001 1.055209
3.93 1.31 1.703 0.5 2.213 0.001 0.0000004500 0.001 1.066636
3.96 1.32 1.7160000000000002 0.5 2.213 0.001 0.0000004500 0.001 1.078123
3.99 1.33 1.729 0.5 2.213 0.001 0.0000004500 0.001 1.089687
4.0200000000000005 1.34 1.742 0.5 2.213 0.001 0.0000004500 0.001 1.101327
4.050000000000001 1.35 1.7550000000000001 0.5 2.213 0.001 0.0000004500 0.001 1.113040
4.08 1.36 1.7680000000000002 0.5 2.213 0.001 0.0000004500 0.001 1.124824
4.11 1.37 1.7810000000000001 0.5 2.213 0.001 0.0000004500 0.001 1.136671
4.140000000000001 1.3800000000000001 1.794 0.5 2.213 0.001 0.0000004500 0.001 1.148571
4.17 1.3900000000000001 1.8070000000000002 0.5 2.213 0.001 0.0000004500 0.001 1.160546
4.2 1.4000000000000001 1.8200000000000003 0.5 2.213 0.001 0.0000004500 0.001 1.172003
4.23 1.4100000000000001 1.8330000000000002 0.5 2.213 0.001 0.0000004500 0.001 1.184120
4.260000000000001 1.4200000000000002 1.846 0.5 2.213 0.001 0.0000004500 0.001 1.196295
4.290000000000001 1.4300000000000002 1.8590000000000002 0.5 2.213 0.001 0.0000004500 0.001 1.208530
4.32 1.4400000000000002 1.8720000000000003 0.5 2.213 0.001 0.0000004500 0.001 1.220821
4.3500000000000005 1.4500000000000002 1.8850000000000002 0.5 2.213 0.001 0.0000004500 0.001 1.233167
4.38 1.46 1.898 0.5 2.213 0.001 0.0000004500 0.001 1.245566
4.41 1.47 1.911 0.5 2.213 0.001 0.0000004500 0.001 1.258018
4.4399999999999995 1.48 1.924 0.5 2.213 0.001 0.0000004500 0.001 1.270521
4.47 1.49 1.937 0.5 2.213 0.001 0.0000004500 0.001 1.283073
4.5 1.5 1.95 0.5 2.213 0.001 0.0000004500 0.001 1.295672
4.53 1.51 1.963 0.5 2.213 0.001 0.0000004500 0.001 1.308318
4.5600000000000005 1.52 1.976 0.5 2.213 0.001 0.0000004500 0.001 1.321009
4.59 1.53 1.9889999999999999 0.5 2.213 0.001 0.0000004500 0.001 1.333745
4.62 1.54 2.002 0.5 2.213 0.001 0.0000004500 0.001 1.346523
4.65 1.55 2.015 0.5 2.213 0.001 0.0000004500 0.001 1.359342
4.68 1.56 2.028 0.5 2.213 0.001 0.0000004500 0.001 1.372201
4.71 1.57 2.041 0.5 2.213 0.001 0.0000004500 0.001 1.385098
4.74 1.58 2.0540000000000003 0.5 2.213 0.001 0.0000004500 0.001 1.398033
4.7700000000000005 1.59 2.067 0.5 2.213 0.001 0.0000004500 0.001 1.411003
4.800000000000001 1.6 2.08 0.5 2.213 0.001 0.0000004500 0.001 1.422418
4.83 1.61 2.093 0.5 2.213 0.001 0.0000004500 0.001 1.435450
4.86 1.62 2.106 0.5 2.213 0.001 0.0000004500 0.001 1.448515
4.890000000000001 1.6300000000000001 2.119 0.5 2.213 0.001 0.0000004500 0.001 1.461610
4.92 1.6400000000000001 2.132 0.5 2.213 0.001 0.0000004500 0.001 1.474736
4.95 1.6500000000000001 2.145 0.5 2.213 0.001 0.0000004500 0.001 1.487889
4.98 1.6600000000000001 2.1580000000000004 0.5 2.213 0.001 0.0000004500 0.001 1.501070
5.010000000000001 1.6700000000000002 2.1710000000000003 0.5 2.213 0.001 0.0000004500 0.001 1.514276
5.040000000000001 1.6800000000000002 2.184 0.5 2.213 0.001 0.0000004500 0.001 1.527507
5.07 1.6900000000000002 2.197 0.5 2.213 0.001 0.0000004500 0.001 1.540747
5.1000000000000005 1.7000000000000002 2.21 0.5 2.213 0.001 0.0000004500 0.001 1.554024
5.130000000000001 1.7100000000000002 2.2230000000000003 0.5 2.213 0.001 0.0000004500 0.001 1.567324
5.16 1.72 2.2359999999999998 0.5 2.213 0.001 0.0000004500 0.001 1.580646
5.1899999999999995 1.73 2.249 0.5 2.213 0.001 0.0000004500 0.001 1.593991
5.22 1.74 2.262 0.5 2.213 0.001 0.0000004500 0.001 1.607359
5.25 1.75 2.275 0.5 2.213 0.001 0.0000004500 0.001 1.620752
5.28 1.76 2.2880000000000003 0.5 2.213 0.001 0.0000004500 0.001 1.634170
5.3100000000000005 1.77 2.301 0.5 2.213 0.001 0.0000004500 0.001 1.647613
5.34 1.78 2.314 0.5 2.213 0.001 0.0000004500 0.001 1.661078
5.37 1.79 2.327 0.5 2.213 0.001 0.0000004500 0.001 1.674560
5.4 1.8 2.34 0.5 2.213 0.001 0.0000004500 0.001 1.688050
5.43 1.81 2.353 0.5 2.213 0.001 0.0000004500 0.001 1.701534
5.46 1.82 2.366 0.5 2.213 0.001 0.0000004500 0.001 1.714995
5.49 1.83 2.379 0.5 2.213 0.001 0.0000004500 0.001 1.728409
5.5200000000000005 1.84 2.3920000000000003 0.5 2.213 0.001 0.0000004500 0.001 1.741751
5.550000000000001 1.85 2.4050000000000002 0.5 2.213 0.001 0.0000004500 0.001 1.754995
5.58 1.86 2.418 0.5 2.213 0.001 0.0000004500 0.001 1.768106
5.61 1.87 2.431 0.5 2.213 0.001 0.0000004500 0.001 1.781063
5.640000000000001 1.8800000000000001 2.444 0.5 2.213 0.001 0.0000004500 0.001 1.793836
5.67 1.8900000000000001 2.4570000000000003 0.5 2.213 0.001 0.0000004500 0.001 1.806403
5.7 1.9000000000000001 2.47 0.5 2.213 0.001 0.0000004500 0.001 1.818745
5.73 1.9100000000000001 2.483 0.5 2.213 0.001 0.0000004500 0.001 1.830849
5.760000000000001 1.9200000000000002 2.4960000000000004 0.5 2.213 0.001 0.0000004500 0.001 1.842706
5.790000000000001 1.9300000000000002 2.5090000000000003 0.5 2.213 0.001 0.0000004500 0.001 1.854314
5.82 1.9400000000000002 2.5220000000000002 0.5 2.213 0.001 0.0000004500 0.001 1.865627
5.8500000000000005 1.9500000000000002 2.535 0.5 2.213 0.001 0.0000004500 0.001 1.876732
5.880000000000001 1.9600000000000002 2.548 0.5 2.213 0.001 0.0000004500 0.001 1.887599
5.91 1.97 2.561 0.5 2.213 0.001 0.0000004500 0.001 1.898238
5.9399999999999995 1.98 2.574 0.5 2.213 0.001 0.0000004500 0.001 1.908661
5.97 1.99 2.5869999999999997 0.5 2.213 0.001 0.0000004500 0.001 1.918882
6.0 2.0 2.6 0.5 2.213 0.001 0.0000004500 0.001 1.928908
6.029999999999999 2.01 2.6129999999999995 0.5 2.213 0.001 0.0000004500 0.001 1.938755
6.0600000000000005 2.02 2.626 0.5 2.213 0.001 0.0000004500 0.001 1.948429
6.09 2.03 2.639 0.5 2.213 0.001 0.0000004500 0.001 1.957947
6.12 2.04 2.652 0.5 2.213 0.001 0.0000004500 0.001 1.967310
6.1499999999999995 2.05 2.6649999999999996 0.5 2.213 0.001 0.0000004500 0.001 1.976525
6.18 2.06 2.678 0.5 2.213 0.001 0.0000004500 0.001 1.985602
6.209999999999999 2.07 2.691 0.5 2.213 0.001 0.0000004500 0.001 1.994543
6.24 2.08 2.704 0.5 2.213 0.001 0.0000004500 0.001 2.003357
6.27 2.09 2.7169999999999996 0.5 2.213 0.001 0.0000004500 0.001 2.012048
6.299999999999999 2.0999999999999996 2.7299999999999995 0.5 2.213 0.001 0.0000004500 0.001 2.020612
6.33 2.11 2.743 0.5 2.213 0.001 0.0000004500 0.001 2.029056
6.359999999999999 2.1199999999999997 2.7559999999999993 0.5 2.213 0.001 0.0000004500 0.001 2.037380
6.39 2.13 2.7689999999999997 0.5 2.213 0.001 0.0000004500 0.001 2.045585
6.419999999999999 2.1399999999999997 2.7819999999999996 0.5 2.213 0.001 0.0000004500 0.001 2.053676
6.449999999999999 2.15 2.795 0.5 2.213 0.001 0.0000004500 0.001 2.061655
6.479999999999999 2.1599999999999997 2.808 0.5 2.213 0.001 0.0000004500 0.001 2.069522
6.51 2.17 2.8209999999999997 0.5 2.213 0.001 0.0000004500 0.001 2.077276
6.539999999999999 2.1799999999999997 2.8339999999999996 0.5 2.213 0.001 0.0000004500 0.001 2.084910
6.57 2.19 2.847 0.5 2.213 0.001 0.0000004500 0.001 2.092424
6.6 2.1999999999999997 2.8599999999999994 0.5 2.213 0.001 0.0000004500 0.001 2.099818
6.63 2.21 2.8729999999999998 0.5 2.213 0.001 0.0000004500 0.001 2.107097
6.659999999999999 2.2199999999999998 2.8859999999999997 0.5 2.213 0.001 0.0000004500 0.001 2.114255
6.6899999999999995 2.23 2.899 0.5 2.213 0.001 0.0000004500 0.001 2.121297
6.719999999999999 2.2399999999999998 2.912 0.5 2.213 0.001 0.0000004500 0.001 2.128227
6.75 2.25 2.925 0.5 2.213 0.001 0.0000004500 0.001 2.135040
6.779999999999999 2.26 2.9379999999999997 0.5 2.213 0.001 0.0000004500 0.001 2.141738
6.8100000000000005 2.27 2.951 0.5 2.213 0.001 0.0000004500 0.001 2.148323
6.84 2.28 2.9639999999999995 0.5 2.213 0.001 0.0000004500 0.001 2.154786
6.87 2.29 2.977 0.5 2.213 0.001 0.0000004500 0.001 2.161133
6.8999999999999995 2.3 2.9899999999999998 0.5 2.213 0.001 0.0000004500 0.001 2.167367
6.93 2.31 3.003 0.5 2.213 0.001 0.0000004500 0.001 2.173493
6.959999999999999 2.32 3.016 0.5 2.213 0.001 0.0000004500 0.001 2.179503
6.99 2.33 3.029 0.5 2.213 0.001 0.0000004500 0.001 2.185381
7.02 2.34 3.042 0.5 2.213 0.001 0.0000004500 0.001 2.191154
7.050000000000001 2.35 3.055 0.5 2.213 0.001 0.0000004500 0.001 2.120459
7.08 2.36 3.0679999999999996 0.5 2.213 0.001 0.0000004500 0.001 2.123235
7.109999999999999 2.3699999999999997 3.0809999999999995 0.5 2.213 0.001 0.0000004500 0.001 2.125893
7.14 2.38 3.094 0.5 2.213 0.001 0.0000004500 0.001 2.128435
7.169999999999999 2.3899999999999997 3.1069999999999993 0.5 2.213 0.001 0.0000004500 0.001 2.130861
7.199999999999999 2.4 3.12 0.5 2.213 0.001 0.0000004500 0.001 2.133175
7.229999999999999 2.4099999999999997 3.1329999999999996 0.5 2.213 0.001 0.0000004500 0.001 2.135376
7.26 2.42 3.146 0.5 2.213 0.001 0.0000004500 0.001 2.137468
7.289999999999999 2.4299999999999997 3.159 0.5 2.213 0.001 0.0000004500 0.001 2.139454
7.32 2.44 3.1719999999999997 0.5 2.213 0.001 0.0000004500 0.001 2.141337
7.35 2.4499999999999997 3.1849999999999996 0.5 2.213 0.001 0.0000004500 0.001 2.143119
7.38 2.46 3.198 0.5 2.213 0.001 0.0000004500 0.001 2.144795
7.409999999999999 2.4699999999999998 3.2109999999999994 0.5 2.213 0.001 0.0000004500 0.001 2.146366
7.4399999999999995 2.48 3.224 0.5 2.213 0.001 0.0000004500 0.001 2.147843
7.469999999999999 2.4899999999999998 3.2369999999999997 0.5 2.213 0.001 0.0000004500 0.001 2.149222
7.5 2.5 3.25 0.5 2.213 0.001 0.0000004500 0.001 2.150503
7.529999999999999 2.51 3.263 0.5 2.213 0.001 0.0000004500 0.001 2.151691
7.5600000000000005 2.52 3.276 0.5 2.213 0.001 0.0000004500 0.001 2.152786
7.59 2.53 3.2889999999999997 0.5 2.213 0.001 0.0000004500 0.001 2.153788
7.62 2.54 3.302 0.5 2.213 0.001 0.0000004500 0.001 2.154701
7.6499999999999995 2.55 3.3149999999999995 0.5 2.213 0.001 0.0000004500 0.001 2.155527
7.68 2.56 3.3280000000000003 0.5 2.213 0.001 0.0000004500 0.001 2.156265
7.709999999999999 2.57 3.3409999999999997 0.5 2.213 0.001 0.0000004500 0.001 2.156913
7.74 2.58 3.354 0.5 2.213 0.001 0.0000004500 0.001 2.157477
7.77 2.59 3.367 0.5 2.213 0.001 0.0000004500 0.001 2.157969
7.800000000000001 2.6 3.38 0.5 2.213 0.001 0.0000004500 0.001 2.158381
7.83 2.61 3.393 0.5 2.213 0.001 0.0000004500 0.001 2.158711
7.859999999999999 2.6199999999999997 3.4059999999999997 0.5 2.213 0.001 0.0000004500 0.001 2.158960
7.89 2.63 3.4189999999999996 0.5 2.213 0.001 0.0000004500 0.001 2.159123
7.919999999999999 2.6399999999999997 3.4319999999999995 0.5 2.213 0.001 0.0000004500 0.001 2.159218
7.949999999999999 2.65 3.445 0.5 2.213 0.001 0.0000004500 0.001 2.159237
7.979999999999999 2.6599999999999997 3.4579999999999997 0.5 2.213 0.001 0.0000004500 0.001 2.159182
8.01 2.67 3.471 0.5 2.213 0.001 0.0000004500 0.001 2.159053
8.04 2.6799999999999997 3.4839999999999995 0.5 2.213 0.001 0.0000004500 0.001 2.158853
8.07 2.69 3.497 0.5 2.213 0.001 0.0000004500 0.001 2.158587
8.1 2.6999999999999997 3.51 0.5 2.213 0.001 0.0000004500 0.001 2.158238
8.129999999999999 2.71 3.5229999999999997 0.5 2.213 0.001 0.0000004500 0.001 2.157816
8.16 2.7199999999999998 3.5359999999999996 0.5 2.213 0.001 0.0000004500 0.001 2.157327
8.19 2.73 3.549 0.5 2.213 0.001 0.0000004500 0.001 2.156770
8.219999999999999 2.7399999999999998 3.562 0.5 2.213 0.001 0.0000004500 0.001 2.156144
8.25 2.75 3.575 0.5 2.213 0.001 0.0000004500 0.001 2.155447
8.28 2.76 3.5879999999999996 0.5 2.213 0.001 0.0000004500 0.001 2.154677
8.31 2.77 3.601 0.5 2.213 0.001 0.0000004500 0.001 2.153834
8.34 2.78 3.614 0.5 2.213 0.001 0.0000004500 0.001 2.152914
8.370000000000001 2.79 3.627 0.5 2.213 0.001 0.0000004500 0.001 2.151916
8.399999999999999 2.8 3.6399999999999997 0.5 2.213 0.001 0.0000004500 0.001 2.150837
8.43 2.81 3.653 0.5 2.213 0.001 0.0000004500 0.001 2.149699
8.459999999999999 2.82 3.666 0.5 2.213 0.001 0.0000004500 0.001 2.148494
8.49 2.83 3.6790000000000003 0.5 2.213 0.001 0.0000004500 0.001 2.147226
8.52 2.84 3.6919999999999997 0.5 2.213 0.001 0.0000004500 0.001 2.145901
8.55 2.85 3.705 0.5 2.213 0.001 0.0000004500 0.001 2.144527
8.58 2.86 3.718 0.5 2.213 0.001 0.0000004500 0.001 2.143106
8.61 2.8699999999999997 3.7309999999999994 0.5 2.213 0.001 0.0000004500 0.001 2.141654
8.64 2.88 3.7439999999999998 0.5 2.213 0.001 0.0000004500 0.001 2.140190
8.669999999999998 2.8899999999999997 3.7569999999999997 0.5 2.213 0.001 0.0000004500 0.001 2.138717
8.7 2.9 3.77 0.5 2.213 0.001 0.0000004500 0.001 2.137251
8.729999999999999 2.9099999999999997 3.7829999999999995 0.5 2.213 0.001 0.0000004500 0.001 2.135806
8.76 2.92 3.796 0.5 2.213 0.001 0.0000004500 0.001 2.134400
8.79 2.9299999999999997 3.8089999999999997 0.5 2.213 0.001 0.0000004500 0.001 2.133033
8.82 2.94 3.822 0.5 2.213 0.001 0.0000004500 0.001 2.131723
8.85 2.9499999999999997 3.8349999999999995 0.5 2.213 0.001 0.0000004500 0.001 2.130480
8.879999999999999 2.96 3.848 0.5 2.213 0.001 0.0000004500 0.001 2.129312
8.91 2.9699999999999998 3.8609999999999998 0.5 2.213 0.001 0.0000004500 0.001 2.128232
8.94 2.98 3.874 0.5 2.213 0.001 0.0000004500 0.001 2.127256
8.969999999999999 2.9899999999999998 3.8869999999999996 0.5 2.213 0.001 0.0000004500 0.001 2.126383
9.0 3.0 3.9 0.5 2.213 0.001 0.0000004500 0.001 2.125615
9.03 3.01 3.913 0.5 2.213 0.001 0.0000004500 0.001 2.124961
9.06 3.02 3.926 0.5 2.213 0.001 0.0000004500 0.001 2.124427
9.09 3.03 3.9389999999999996 0.5 2.213 0.001 0.0000004500 0.001 2.124014
9.120000000000001 3.04 3.952 0.5 2.213 0.001 0.0000004500 0.001 2.123718
